[    -5      0     19      0    -51      0    116      0   -233      0
    431      0   -744      0   1220      0  -1916      0   2915      0
  -4339      0   6401      0  -9543      0  14907      0 -26710      0
  83069 131072  83069      0 -26710      0  14907      0  -9543      0
   6401      0  -4339      0   2915      0  -1916      0   1220      0
   -744      0    431      0   -233      0    116      0    -51      0
     19      0     -5]
[    -9      0     83      0   -409      0   1428      0  -3978      0
   9647      0 -22894      0  81669 131072  81669      0 -22894      0
   9647      0  -3978      0   1428      0   -409      0     83      0
     -9]
[  -474      0   3818      0 -16819      0  79010 131072  79010      0
 -16819      0   3818      0   -474]