349, 780, 1099
350, 781, 1100
351, 782, 1101
352, 783, 1102
353, 784, 1103
354, 785, 1104
355, 786, 1105
356, 787, 1106
357, 788, 1107
358, 789, 1108
359, 790, 1109
360, 791, 1110
361, 792, 1111
362, 793, 1112
363, 794, 1113
364, 795, 1114
365, 796, 1115
366, 797, 1116
367, 798, 1117
368, 799, 1118
369, 800, 1119
370, 801, 1120
371, 802, 1121
372, 803, 1122
373, 804, 1123
374, 805, 1124
375, 806, 1125
376, 807, 1126
377, 808, 1127
378, 809, 1128
379, 810, 1129
380, 811, 1130
381, 812, 1131
382, 813, 1132
383, 814, 1133
288, 815, 1134
289, 816, 1135
290, 817, 1136
291, 818, 1137
292, 819, 1138
293, 820, 1139
294, 821, 1140
295, 822, 1141
296, 823, 1142
297, 824, 1143
298, 825, 1144
299, 826, 1145
300, 827, 1146
301, 828, 1147
302, 829, 1148
303, 830, 1149
304, 831, 1150
305, 832, 1151
306, 833, 1056
307, 834, 1057
308, 835, 1058
309, 836, 1059
310, 837, 1060
311, 838, 1061
312, 839, 1062
313, 840, 1063
314, 841, 1064
315, 842, 1065
316, 843, 1066
317, 844, 1067
318, 845, 1068
319, 846, 1069
320, 847, 1070
321, 848, 1071
322, 849, 1072
323, 850, 1073
324, 851, 1074
325, 852, 1075
326, 853, 1076
327, 854, 1077
328, 855, 1078
329, 856, 1079
330, 857, 1080
331, 858, 1081
332, 859, 1082
333, 860, 1083
334, 861, 1084
335, 862, 1085
336, 863, 1086
337, 768, 1087
338, 769, 1088
339, 770, 1089
340, 771, 1090
341, 772, 1091
342, 773, 1092
343, 774, 1093
344, 775, 1094
345, 776, 1095
346, 777, 1096
347, 778, 1097
348, 779, 1098
94, 123, 683
95, 124, 684
0, 125, 685
1, 126, 686
2, 127, 687
3, 128, 688
4, 129, 689
5, 130, 690
6, 131, 691
7, 132, 692
8, 133, 693
9, 134, 694
10, 135, 695
11, 136, 696
12, 137, 697
13, 138, 698
14, 139, 699
15, 140, 700
16, 141, 701
17, 142, 702
18, 143, 703
19, 144, 704
20, 145, 705
21, 146, 706
22, 147, 707
23, 148, 708
24, 149, 709
25, 150, 710
26, 151, 711
27, 152, 712
28, 153, 713
29, 154, 714
30, 155, 715
31, 156, 716
32, 157, 717
33, 158, 718
34, 159, 719
35, 160, 720
36, 161, 721
37, 162, 722
38, 163, 723
39, 164, 724
40, 165, 725
41, 166, 726
42, 167, 727
43, 168, 728
44, 169, 729
45, 170, 730
46, 171, 731
47, 172, 732
48, 173, 733
49, 174, 734
50, 175, 735
51, 176, 736
52, 177, 737
53, 178, 738
54, 179, 739
55, 180, 740
56, 181, 741
57, 182, 742
58, 183, 743
59, 184, 744
60, 185, 745
61, 186, 746
62, 187, 747
63, 188, 748
64, 189, 749
65, 190, 750
66, 191, 751
67, 96, 752
68, 97, 753
69, 98, 754
70, 99, 755
71, 100, 756
72, 101, 757
73, 102, 758
74, 103, 759
75, 104, 760
76, 105, 761
77, 106, 762
78, 107, 763
79, 108, 764
80, 109, 765
81, 110, 766
82, 111, 767
83, 112, 672
84, 113, 673
85, 114, 674
86, 115, 675
87, 116, 676
88, 117, 677
89, 118, 678
90, 119, 679
91, 120, 680
92, 121, 681
93, 122, 682
73, 335, 423, 671, 745, 967
74, 336, 424, 576, 746, 968
75, 337, 425, 577, 747, 969
76, 338, 426, 578, 748, 970
77, 339, 427, 579, 749, 971
78, 340, 428, 580, 750, 972
79, 341, 429, 581, 751, 973
80, 342, 430, 582, 752, 974
81, 343, 431, 583, 753, 975
82, 344, 432, 584, 754, 976
83, 345, 433, 585, 755, 977
84, 346, 434, 586, 756, 978
85, 347, 435, 587, 757, 979
86, 348, 436, 588, 758, 980
87, 349, 437, 589, 759, 981
88, 350, 438, 590, 760, 982
89, 351, 439, 591, 761, 983
90, 352, 440, 592, 762, 984
91, 353, 441, 593, 763, 985
92, 354, 442, 594, 764, 986
93, 355, 443, 595, 765, 987
94, 356, 444, 596, 766, 988
95, 357, 445, 597, 767, 989
0, 358, 446, 598, 672, 990
1, 359, 447, 599, 673, 991
2, 360, 448, 600, 674, 992
3, 361, 449, 601, 675, 993
4, 362, 450, 602, 676, 994
5, 363, 451, 603, 677, 995
6, 364, 452, 604, 678, 996
7, 365, 453, 605, 679, 997
8, 366, 454, 606, 680, 998
9, 367, 455, 607, 681, 999
10, 368, 456, 608, 682, 1000
11, 369, 457, 609, 683, 1001
12, 370, 458, 610, 684, 1002
13, 371, 459, 611, 685, 1003
14, 372, 460, 612, 686, 1004
15, 373, 461, 613, 687, 1005
16, 374, 462, 614, 688, 1006
17, 375, 463, 615, 689, 1007
18, 376, 464, 616, 690, 1008
19, 377, 465, 617, 691, 1009
20, 378, 466, 618, 692, 1010
21, 379, 467, 619, 693, 1011
22, 380, 468, 620, 694, 1012
23, 381, 469, 621, 695, 1013
24, 382, 470, 622, 696, 1014
25, 383, 471, 623, 697, 1015
26, 288, 472, 624, 698, 1016
27, 289, 473, 625, 699, 1017
28, 290, 474, 626, 700, 1018
29, 291, 475, 627, 701, 1019
30, 292, 476, 628, 702, 1020
31, 293, 477, 629, 703, 1021
32, 294, 478, 630, 704, 1022
33, 295, 479, 631, 705, 1023
34, 296, 384, 632, 706, 1024
35, 297, 385, 633, 707, 1025
36, 298, 386, 634, 708, 1026
37, 299, 387, 635, 709, 1027
38, 300, 388, 636, 710, 1028
39, 301, 389, 637, 711, 1029
40, 302, 390, 638, 712, 1030
41, 303, 391, 639, 713, 1031
42, 304, 392, 640, 714, 1032
43, 305, 393, 641, 715, 1033
44, 306, 394, 642, 716, 1034
45, 307, 395, 643, 717, 1035
46, 308, 396, 644, 718, 1036
47, 309, 397, 645, 719, 1037
48, 310, 398, 646, 720, 1038
49, 311, 399, 647, 721, 1039
50, 312, 400, 648, 722, 1040
51, 313, 401, 649, 723, 1041
52, 314, 402, 650, 724, 1042
53, 315, 403, 651, 725, 1043
54, 316, 404, 652, 726, 1044
55, 317, 405, 653, 727, 1045
56, 318, 406, 654, 728, 1046
57, 319, 407, 655, 729, 1047
58, 320, 408, 656, 730, 1048
59, 321, 409, 657, 731, 1049
60, 322, 410, 658, 732, 1050
61, 323, 411, 659, 733, 1051
62, 324, 412, 660, 734, 1052
63, 325, 413, 661, 735, 1053
64, 326, 414, 662, 736, 1054
65, 327, 415, 663, 737, 1055
66, 328, 416, 664, 738, 960
67, 329, 417, 665, 739, 961
68, 330, 418, 666, 740, 962
69, 331, 419, 667, 741, 963
70, 332, 420, 668, 742, 964
71, 333, 421, 669, 743, 965
72, 334, 422, 670, 744, 966
216, 629, 1025
217, 630, 1026
218, 631, 1027
219, 632, 1028
220, 633, 1029
221, 634, 1030
222, 635, 1031
223, 636, 1032
224, 637, 1033
225, 638, 1034
226, 639, 1035
227, 640, 1036
228, 641, 1037
229, 642, 1038
230, 643, 1039
231, 644, 1040
232, 645, 1041
233, 646, 1042
234, 647, 1043
235, 648, 1044
236, 649, 1045
237, 650, 1046
238, 651, 1047
239, 652, 1048
240, 653, 1049
241, 654, 1050
242, 655, 1051
243, 656, 1052
244, 657, 1053
245, 658, 1054
246, 659, 1055
247, 660, 960
248, 661, 961
249, 662, 962
250, 663, 963
251, 664, 964
252, 665, 965
253, 666, 966
254, 667, 967
255, 668, 968
256, 669, 969
257, 670, 970
258, 671, 971
259, 576, 972
260, 577, 973
261, 578, 974
262, 579, 975
263, 580, 976
264, 581, 977
265, 582, 978
266, 583, 979
267, 584, 980
268, 585, 981
269, 586, 982
270, 587, 983
271, 588, 984
272, 589, 985
273, 590, 986
274, 591, 987
275, 592, 988
276, 593, 989
277, 594, 990
278, 595, 991
279, 596, 992
280, 597, 993
281, 598, 994
282, 599, 995
283, 600, 996
284, 601, 997
285, 602, 998
286, 603, 999
287, 604, 1000
192, 605, 1001
193, 606, 1002
194, 607, 1003
195, 608, 1004
196, 609, 1005
197, 610, 1006
198, 611, 1007
199, 612, 1008
200, 613, 1009
201, 614, 1010
202, 615, 1011
203, 616, 1012
204, 617, 1013
205, 618, 1014
206, 619, 1015
207, 620, 1016
208, 621, 1017
209, 622, 1018
210, 623, 1019
211, 624, 1020
212, 625, 1021
213, 626, 1022
214, 627, 1023
215, 628, 1024
214, 526, 851
215, 527, 852
216, 528, 853
217, 529, 854
218, 530, 855
219, 531, 856
220, 532, 857
221, 533, 858
222, 534, 859
223, 535, 860
224, 536, 861
225, 537, 862
226, 538, 863
227, 539, 768
228, 540, 769
229, 541, 770
230, 542, 771
231, 543, 772
232, 544, 773
233, 545, 774
234, 546, 775
235, 547, 776
236, 548, 777
237, 549, 778
238, 550, 779
239, 551, 780
240, 552, 781
241, 553, 782
242, 554, 783
243, 555, 784
244, 556, 785
245, 557, 786
246, 558, 787
247, 559, 788
248, 560, 789
249, 561, 790
250, 562, 791
251, 563, 792
252, 564, 793
253, 565, 794
254, 566, 795
255, 567, 796
256, 568, 797
257, 569, 798
258, 570, 799
259, 571, 800
260, 572, 801
261, 573, 802
262, 574, 803
263, 575, 804
264, 480, 805
265, 481, 806
266, 482, 807
267, 483, 808
268, 484, 809
269, 485, 810
270, 486, 811
271, 487, 812
272, 488, 813
273, 489, 814
274, 490, 815
275, 491, 816
276, 492, 817
277, 493, 818
278, 494, 819
279, 495, 820
280, 496, 821
281, 497, 822
282, 498, 823
283, 499, 824
284, 500, 825
285, 501, 826
286, 502, 827
287, 503, 828
192, 504, 829
193, 505, 830
194, 506, 831
195, 507, 832
196, 508, 833
197, 509, 834
198, 510, 835
199, 511, 836
200, 512, 837
201, 513, 838
202, 514, 839
203, 515, 840
204, 516, 841
205, 517, 842
206, 518, 843
207, 519, 844
208, 520, 845
209, 521, 846
210, 522, 847
211, 523, 848
212, 524, 849
213, 525, 850
118, 273, 520, 792, 958, 1122
119, 274, 521, 793, 959, 1123
120, 275, 522, 794, 864, 1124
121, 276, 523, 795, 865, 1125
122, 277, 524, 796, 866, 1126
123, 278, 525, 797, 867, 1127
124, 279, 526, 798, 868, 1128
125, 280, 527, 799, 869, 1129
126, 281, 528, 800, 870, 1130
127, 282, 529, 801, 871, 1131
128, 283, 530, 802, 872, 1132
129, 284, 531, 803, 873, 1133
130, 285, 532, 804, 874, 1134
131, 286, 533, 805, 875, 1135
132, 287, 534, 806, 876, 1136
133, 192, 535, 807, 877, 1137
134, 193, 536, 808, 878, 1138
135, 194, 537, 809, 879, 1139
136, 195, 538, 810, 880, 1140
137, 196, 539, 811, 881, 1141
138, 197, 540, 812, 882, 1142
139, 198, 541, 813, 883, 1143
140, 199, 542, 814, 884, 1144
141, 200, 543, 815, 885, 1145
142, 201, 544, 816, 886, 1146
143, 202, 545, 817, 887, 1147
144, 203, 546, 818, 888, 1148
145, 204, 547, 819, 889, 1149
146, 205, 548, 820, 890, 1150
147, 206, 549, 821, 891, 1151
148, 207, 550, 822, 892, 1056
149, 208, 551, 823, 893, 1057
150, 209, 552, 824, 894, 1058
151, 210, 553, 825, 895, 1059
152, 211, 554, 826, 896, 1060
153, 212, 555, 827, 897, 1061
154, 213, 556, 828, 898, 1062
155, 214, 557, 829, 899, 1063
156, 215, 558, 830, 900, 1064
157, 216, 559, 831, 901, 1065
158, 217, 560, 832, 902, 1066
159, 218, 561, 833, 903, 1067
160, 219, 562, 834, 904, 1068
161, 220, 563, 835, 905, 1069
162, 221, 564, 836, 906, 1070
163, 222, 565, 837, 907, 1071
164, 223, 566, 838, 908, 1072
165, 224, 567, 839, 909, 1073
166, 225, 568, 840, 910, 1074
167, 226, 569, 841, 911, 1075
168, 227, 570, 842, 912, 1076
169, 228, 571, 843, 913, 1077
170, 229, 572, 844, 914, 1078
171, 230, 573, 845, 915, 1079
172, 231, 574, 846, 916, 1080
173, 232, 575, 847, 917, 1081
174, 233, 480, 848, 918, 1082
175, 234, 481, 849, 919, 1083
176, 235, 482, 850, 920, 1084
177, 236, 483, 851, 921, 1085
178, 237, 484, 852, 922, 1086
179, 238, 485, 853, 923, 1087
180, 239, 486, 854, 924, 1088
181, 240, 487, 855, 925, 1089
182, 241, 488, 856, 926, 1090
183, 242, 489, 857, 927, 1091
184, 243, 490, 858, 928, 1092
185, 244, 491, 859, 929, 1093
186, 245, 492, 860, 930, 1094
187, 246, 493, 861, 931, 1095
188, 247, 494, 862, 932, 1096
189, 248, 495, 863, 933, 1097
190, 249, 496, 768, 934, 1098
191, 250, 497, 769, 935, 1099
96, 251, 498, 770, 936, 1100
97, 252, 499, 771, 937, 1101
98, 253, 500, 772, 938, 1102
99, 254, 501, 773, 939, 1103
100, 255, 502, 774, 940, 1104
101, 256, 503, 775, 941, 1105
102, 257, 504, 776, 942, 1106
103, 258, 505, 777, 943, 1107
104, 259, 506, 778, 944, 1108
105, 260, 507, 779, 945, 1109
106, 261, 508, 780, 946, 1110
107, 262, 509, 781, 947, 1111
108, 263, 510, 782, 948, 1112
109, 264, 511, 783, 949, 1113
110, 265, 512, 784, 950, 1114
111, 266, 513, 785, 951, 1115
112, 267, 514, 786, 952, 1116
113, 268, 515, 787, 953, 1117
114, 269, 516, 788, 954, 1118
115, 270, 517, 789, 955, 1119
116, 271, 518, 790, 956, 1120
117, 272, 519, 791, 957, 1121
175, 468, 674
176, 469, 675
177, 470, 676
178, 471, 677
179, 472, 678
180, 473, 679
181, 474, 680
182, 475, 681
183, 476, 682
184, 477, 683
185, 478, 684
186, 479, 685
187, 384, 686
188, 385, 687
189, 386, 688
190, 387, 689
191, 388, 690
96, 389, 691
97, 390, 692
98, 391, 693
99, 392, 694
100, 393, 695
101, 394, 696
102, 395, 697
103, 396, 698
104, 397, 699
105, 398, 700
106, 399, 701
107, 400, 702
108, 401, 703
109, 402, 704
110, 403, 705
111, 404, 706
112, 405, 707
113, 406, 708
114, 407, 709
115, 408, 710
116, 409, 711
117, 410, 712
118, 411, 713
119, 412, 714
120, 413, 715
121, 414, 716
122, 415, 717
123, 416, 718
124, 417, 719
125, 418, 720
126, 419, 721
127, 420, 722
128, 421, 723
129, 422, 724
130, 423, 725
131, 424, 726
132, 425, 727
133, 426, 728
134, 427, 729
135, 428, 730
136, 429, 731
137, 430, 732
138, 431, 733
139, 432, 734
140, 433, 735
141, 434, 736
142, 435, 737
143, 436, 738
144, 437, 739
145, 438, 740
146, 439, 741
147, 440, 742
148, 441, 743
149, 442, 744
150, 443, 745
151, 444, 746
152, 445, 747
153, 446, 748
154, 447, 749
155, 448, 750
156, 449, 751
157, 450, 752
158, 451, 753
159, 452, 754
160, 453, 755
161, 454, 756
162, 455, 757
163, 456, 758
164, 457, 759
165, 458, 760
166, 459, 761
167, 460, 762
168, 461, 763
169, 462, 764
170, 463, 765
171, 464, 766
172, 465, 767
173, 466, 672
174, 467, 673
105, 225, 562, 811, 923, 1097
106, 226, 563, 812, 924, 1098
107, 227, 564, 813, 925, 1099
108, 228, 565, 814, 926, 1100
109, 229, 566, 815, 927, 1101
110, 230, 567, 816, 928, 1102
111, 231, 568, 817, 929, 1103
112, 232, 569, 818, 930, 1104
113, 233, 570, 819, 931, 1105
114, 234, 571, 820, 932, 1106
115, 235, 572, 821, 933, 1107
116, 236, 573, 822, 934, 1108
117, 237, 574, 823, 935, 1109
118, 238, 575, 824, 936, 1110
119, 239, 480, 825, 937, 1111
120, 240, 481, 826, 938, 1112
121, 241, 482, 827, 939, 1113
122, 242, 483, 828, 940, 1114
123, 243, 484, 829, 941, 1115
124, 244, 485, 830, 942, 1116
125, 245, 486, 831, 943, 1117
126, 246, 487, 832, 944, 1118
127, 247, 488, 833, 945, 1119
128, 248, 489, 834, 946, 1120
129, 249, 490, 835, 947, 1121
130, 250, 491, 836, 948, 1122
131, 251, 492, 837, 949, 1123
132, 252, 493, 838, 950, 1124
133, 253, 494, 839, 951, 1125
134, 254, 495, 840, 952, 1126
135, 255, 496, 841, 953, 1127
136, 256, 497, 842, 954, 1128
137, 257, 498, 843, 955, 1129
138, 258, 499, 844, 956, 1130
139, 259, 500, 845, 957, 1131
140, 260, 501, 846, 958, 1132
141, 261, 502, 847, 959, 1133
142, 262, 503, 848, 864, 1134
143, 263, 504, 849, 865, 1135
144, 264, 505, 850, 866, 1136
145, 265, 506, 851, 867, 1137
146, 266, 507, 852, 868, 1138
147, 267, 508, 853, 869, 1139
148, 268, 509, 854, 870, 1140
149, 269, 510, 855, 871, 1141
150, 270, 511, 856, 872, 1142
151, 271, 512, 857, 873, 1143
152, 272, 513, 858, 874, 1144
153, 273, 514, 859, 875, 1145
154, 274, 515, 860, 876, 1146
155, 275, 516, 861, 877, 1147
156, 276, 517, 862, 878, 1148
157, 277, 518, 863, 879, 1149
158, 278, 519, 768, 880, 1150
159, 279, 520, 769, 881, 1151
160, 280, 521, 770, 882, 1056
161, 281, 522, 771, 883, 1057
162, 282, 523, 772, 884, 1058
163, 283, 524, 773, 885, 1059
164, 284, 525, 774, 886, 1060
165, 285, 526, 775, 887, 1061
166, 286, 527, 776, 888, 1062
167, 287, 528, 777, 889, 1063
168, 192, 529, 778, 890, 1064
169, 193, 530, 779, 891, 1065
170, 194, 531, 780, 892, 1066
171, 195, 532, 781, 893, 1067
172, 196, 533, 782, 894, 1068
173, 197, 534, 783, 895, 1069
174, 198, 535, 784, 896, 1070
175, 199, 536, 785, 897, 1071
176, 200, 537, 786, 898, 1072
177, 201, 538, 787, 899, 1073
178, 202, 539, 788, 900, 1074
179, 203, 540, 789, 901, 1075
180, 204, 541, 790, 902, 1076
181, 205, 542, 791, 903, 1077
182, 206, 543, 792, 904, 1078
183, 207, 544, 793, 905, 1079
184, 208, 545, 794, 906, 1080
185, 209, 546, 795, 907, 1081
186, 210, 547, 796, 908, 1082
187, 211, 548, 797, 909, 1083
188, 212, 549, 798, 910, 1084
189, 213, 550, 799, 911, 1085
190, 214, 551, 800, 912, 1086
191, 215, 552, 801, 913, 1087
96, 216, 553, 802, 914, 1088
97, 217, 554, 803, 915, 1089
98, 218, 555, 804, 916, 1090
99, 219, 556, 805, 917, 1091
100, 220, 557, 806, 918, 1092
101, 221, 558, 807, 919, 1093
102, 222, 559, 808, 920, 1094
103, 223, 560, 809, 921, 1095
104, 224, 561, 810, 922, 1096
55, 353, 999
56, 354, 1000
57, 355, 1001
58, 356, 1002
59, 357, 1003
60, 358, 1004
61, 359, 1005
62, 360, 1006
63, 361, 1007
64, 362, 1008
65, 363, 1009
66, 364, 1010
67, 365, 1011
68, 366, 1012
69, 367, 1013
70, 368, 1014
71, 369, 1015
72, 370, 1016
73, 371, 1017
74, 372, 1018
75, 373, 1019
76, 374, 1020
77, 375, 1021
78, 376, 1022
79, 377, 1023
80, 378, 1024
81, 379, 1025
82, 380, 1026
83, 381, 1027
84, 382, 1028
85, 383, 1029
86, 288, 1030
87, 289, 1031
88, 290, 1032
89, 291, 1033
90, 292, 1034
91, 293, 1035
92, 294, 1036
93, 295, 1037
94, 296, 1038
95, 297, 1039
0, 298, 1040
1, 299, 1041
2, 300, 1042
3, 301, 1043
4, 302, 1044
5, 303, 1045
6, 304, 1046
7, 305, 1047
8, 306, 1048
9, 307, 1049
10, 308, 1050
11, 309, 1051
12, 310, 1052
13, 311, 1053
14, 312, 1054
15, 313, 1055
16, 314, 960
17, 315, 961
18, 316, 962
19, 317, 963
20, 318, 964
21, 319, 965
22, 320, 966
23, 321, 967
24, 322, 968
25, 323, 969
26, 324, 970
27, 325, 971
28, 326, 972
29, 327, 973
30, 328, 974
31, 329, 975
32, 330, 976
33, 331, 977
34, 332, 978
35, 333, 979
36, 334, 980
37, 335, 981
38, 336, 982
39, 337, 983
40, 338, 984
41, 339, 985
42, 340, 986
43, 341, 987
44, 342, 988
45, 343, 989
46, 344, 990
47, 345, 991
48, 346, 992
49, 347, 993
50, 348, 994
51, 349, 995
52, 350, 996
53, 351, 997
54, 352, 998
83, 313, 425, 590, 719, 1009
84, 314, 426, 591, 720, 1010
85, 315, 427, 592, 721, 1011
86, 316, 428, 593, 722, 1012
87, 317, 429, 594, 723, 1013
88, 318, 430, 595, 724, 1014
89, 319, 431, 596, 725, 1015
90, 320, 432, 597, 726, 1016
91, 321, 433, 598, 727, 1017
92, 322, 434, 599, 728, 1018
93, 323, 435, 600, 729, 1019
94, 324, 436, 601, 730, 1020
95, 325, 437, 602, 731, 1021
0, 326, 438, 603, 732, 1022
1, 327, 439, 604, 733, 1023
2, 328, 440, 605, 734, 1024
3, 329, 441, 606, 735, 1025
4, 330, 442, 607, 736, 1026
5, 331, 443, 608, 737, 1027
6, 332, 444, 609, 738, 1028
7, 333, 445, 610, 739, 1029
8, 334, 446, 611, 740, 1030
9, 335, 447, 612, 741, 1031
10, 336, 448, 613, 742, 1032
11, 337, 449, 614, 743, 1033
12, 338, 450, 615, 744, 1034
13, 339, 451, 616, 745, 1035
14, 340, 452, 617, 746, 1036
15, 341, 453, 618, 747, 1037
16, 342, 454, 619, 748, 1038
17, 343, 455, 620, 749, 1039
18, 344, 456, 621, 750, 1040
19, 345, 457, 622, 751, 1041
20, 346, 458, 623, 752, 1042
21, 347, 459, 624, 753, 1043
22, 348, 460, 625, 754, 1044
23, 349, 461, 626, 755, 1045
24, 350, 462, 627, 756, 1046
25, 351, 463, 628, 757, 1047
26, 352, 464, 629, 758, 1048
27, 353, 465, 630, 759, 1049
28, 354, 466, 631, 760, 1050
29, 355, 467, 632, 761, 1051
30, 356, 468, 633, 762, 1052
31, 357, 469, 634, 763, 1053
32, 358, 470, 635, 764, 1054
33, 359, 471, 636, 765, 1055
34, 360, 472, 637, 766, 960
35, 361, 473, 638, 767, 961
36, 362, 474, 639, 672, 962
37, 363, 475, 640, 673, 963
38, 364, 476, 641, 674, 964
39, 365, 477, 642, 675, 965
40, 366, 478, 643, 676, 966
41, 367, 479, 644, 677, 967
42, 368, 384, 645, 678, 968
43, 369, 385, 646, 679, 969
44, 370, 386, 647, 680, 970
45, 371, 387, 648, 681, 971
46, 372, 388, 649, 682, 972
47, 373, 389, 650, 683, 973
48, 374, 390, 651, 684, 974
49, 375, 391, 652, 685, 975
50, 376, 392, 653, 686, 976
51, 377, 393, 654, 687, 977
52, 378, 394, 655, 688, 978
53, 379, 395, 656, 689, 979
54, 380, 396, 657, 690, 980
55, 381, 397, 658, 691, 981
56, 382, 398, 659, 692, 982
57, 383, 399, 660, 693, 983
58, 288, 400, 661, 694, 984
59, 289, 401, 662, 695, 985
60, 290, 402, 663, 696, 986
61, 291, 403, 664, 697, 987
62, 292, 404, 665, 698, 988
63, 293, 405, 666, 699, 989
64, 294, 406, 667, 700, 990
65, 295, 407, 668, 701, 991
66, 296, 408, 669, 702, 992
67, 297, 409, 670, 703, 993
68, 298, 410, 671, 704, 994
69, 299, 411, 576, 705, 995
70, 300, 412, 577, 706, 996
71, 301, 413, 578, 707, 997
72, 302, 414, 579, 708, 998
73, 303, 415, 580, 709, 999
74, 304, 416, 581, 710, 1000
75, 305, 417, 582, 711, 1001
76, 306, 418, 583, 712, 1002
77, 307, 419, 584, 713, 1003
78, 308, 420, 585, 714, 1004
79, 309, 421, 586, 715, 1005
80, 310, 422, 587, 716, 1006
81, 311, 423, 588, 717, 1007
82, 312, 424, 589, 718, 1008
456, 594, 934
457, 595, 935
458, 596, 936
459, 597, 937
460, 598, 938
461, 599, 939
462, 600, 940
463, 601, 941
464, 602, 942
465, 603, 943
466, 604, 944
467, 605, 945
468, 606, 946
469, 607, 947
470, 608, 948
471, 609, 949
472, 610, 950
473, 611, 951
474, 612, 952
475, 613, 953
476, 614, 954
477, 615, 955
478, 616, 956
479, 617, 957
384, 618, 958
385, 619, 959
386, 620, 864
387, 621, 865
388, 622, 866
389, 623, 867
390, 624, 868
391, 625, 869
392, 626, 870
393, 627, 871
394, 628, 872
395, 629, 873
396, 630, 874
397, 631, 875
398, 632, 876
399, 633, 877
400, 634, 878
401, 635, 879
402, 636, 880
403, 637, 881
404, 638, 882
405, 639, 883
406, 640, 884
407, 641, 885
408, 642, 886
409, 643, 887
410, 644, 888
411, 645, 889
412, 646, 890
413, 647, 891
414, 648, 892
415, 649, 893
416, 650, 894
417, 651, 895
418, 652, 896
419, 653, 897
420, 654, 898
421, 655, 899
422, 656, 900
423, 657, 901
424, 658, 902
425, 659, 903
426, 660, 904
427, 661, 905
428, 662, 906
429, 663, 907
430, 664, 908
431, 665, 909
432, 666, 910
433, 667, 911
434, 668, 912
435, 669, 913
436, 670, 914
437, 671, 915
438, 576, 916
439, 577, 917
440, 578, 918
441, 579, 919
442, 580, 920
443, 581, 921
444, 582, 922
445, 583, 923
446, 584, 924
447, 585, 925
448, 586, 926
449, 587, 927
450, 588, 928
451, 589, 929
452, 590, 930
453, 591, 931
454, 592, 932
455, 593, 933
108, 192, 559, 819, 936, 1082
109, 193, 560, 820, 937, 1083
110, 194, 561, 821, 938, 1084
111, 195, 562, 822, 939, 1085
112, 196, 563, 823, 940, 1086
113, 197, 564, 824, 941, 1087
114, 198, 565, 825, 942, 1088
115, 199, 566, 826, 943, 1089
116, 200, 567, 827, 944, 1090
117, 201, 568, 828, 945, 1091
118, 202, 569, 829, 946, 1092
119, 203, 570, 830, 947, 1093
120, 204, 571, 831, 948, 1094
121, 205, 572, 832, 949, 1095
122, 206, 573, 833, 950, 1096
123, 207, 574, 834, 951, 1097
124, 208, 575, 835, 952, 1098
125, 209, 480, 836, 953, 1099
126, 210, 481, 837, 954, 1100
127, 211, 482, 838, 955, 1101
128, 212, 483, 839, 956, 1102
129, 213, 484, 840, 957, 1103
130, 214, 485, 841, 958, 1104
131, 215, 486, 842, 959, 1105
132, 216, 487, 843, 864, 1106
133, 217, 488, 844, 865, 1107
134, 218, 489, 845, 866, 1108
135, 219, 490, 846, 867, 1109
136, 220, 491, 847, 868, 1110
137, 221, 492, 848, 869, 1111
138, 222, 493, 849, 870, 1112
139, 223, 494, 850, 871, 1113
140, 224, 495, 851, 872, 1114
141, 225, 496, 852, 873, 1115
142, 226, 497, 853, 874, 1116
143, 227, 498, 854, 875, 1117
144, 228, 499, 855, 876, 1118
145, 229, 500, 856, 877, 1119
146, 230, 501, 857, 878, 1120
147, 231, 502, 858, 879, 1121
148, 232, 503, 859, 880, 1122
149, 233, 504, 860, 881, 1123
150, 234, 505, 861, 882, 1124
151, 235, 506, 862, 883, 1125
152, 236, 507, 863, 884, 1126
153, 237, 508, 768, 885, 1127
154, 238, 509, 769, 886, 1128
155, 239, 510, 770, 887, 1129
156, 240, 511, 771, 888, 1130
157, 241, 512, 772, 889, 1131
158, 242, 513, 773, 890, 1132
159, 243, 514, 774, 891, 1133
160, 244, 515, 775, 892, 1134
161, 245, 516, 776, 893, 1135
162, 246, 517, 777, 894, 1136
163, 247, 518, 778, 895, 1137
164, 248, 519, 779, 896, 1138
165, 249, 520, 780, 897, 1139
166, 250, 521, 781, 898, 1140
167, 251, 522, 782, 899, 1141
168, 252, 523, 783, 900, 1142
169, 253, 524, 784, 901, 1143
170, 254, 525, 785, 902, 1144
171, 255, 526, 786, 903, 1145
172, 256, 527, 787, 904, 1146
173, 257, 528, 788, 905, 1147
174, 258, 529, 789, 906, 1148
175, 259, 530, 790, 907, 1149
176, 260, 531, 791, 908, 1150
177, 261, 532, 792, 909, 1151
178, 262, 533, 793, 910, 1056
179, 263, 534, 794, 911, 1057
180, 264, 535, 795, 912, 1058
181, 265, 536, 796, 913, 1059
182, 266, 537, 797, 914, 1060
183, 267, 538, 798, 915, 1061
184, 268, 539, 799, 916, 1062
185, 269, 540, 800, 917, 1063
186, 270, 541, 801, 918, 1064
187, 271, 542, 802, 919, 1065
188, 272, 543, 803, 920, 1066
189, 273, 544, 804, 921, 1067
190, 274, 545, 805, 922, 1068
191, 275, 546, 806, 923, 1069
96, 276, 547, 807, 924, 1070
97, 277, 548, 808, 925, 1071
98, 278, 549, 809, 926, 1072
99, 279, 550, 810, 927, 1073
100, 280, 551, 811, 928, 1074
101, 281, 552, 812, 929, 1075
102, 282, 553, 813, 930, 1076
103, 283, 554, 814, 931, 1077
104, 284, 555, 815, 932, 1078
105, 285, 556, 816, 933, 1079
106, 286, 557, 817, 934, 1080
107, 287, 558, 818, 935, 1081
7, 480, 1063
8, 481, 1064
9, 482, 1065
10, 483, 1066
11, 484, 1067
12, 485, 1068
13, 486, 1069
14, 487, 1070
15, 488, 1071
16, 489, 1072
17, 490, 1073
18, 491, 1074
19, 492, 1075
20, 493, 1076
21, 494, 1077
22, 495, 1078
23, 496, 1079
24, 497, 1080
25, 498, 1081
26, 499, 1082
27, 500, 1083
28, 501, 1084
29, 502, 1085
30, 503, 1086
31, 504, 1087
32, 505, 1088
33, 506, 1089
34, 507, 1090
35, 508, 1091
36, 509, 1092
37, 510, 1093
38, 511, 1094
39, 512, 1095
40, 513, 1096
41, 514, 1097
42, 515, 1098
43, 516, 1099
44, 517, 1100
45, 518, 1101
46, 519, 1102
47, 520, 1103
48, 521, 1104
49, 522, 1105
50, 523, 1106
51, 524, 1107
52, 525, 1108
53, 526, 1109
54, 527, 1110
55, 528, 1111
56, 529, 1112
57, 530, 1113
58, 531, 1114
59, 532, 1115
60, 533, 1116
61, 534, 1117
62, 535, 1118
63, 536, 1119
64, 537, 1120
65, 538, 1121
66, 539, 1122
67, 540, 1123
68, 541, 1124
69, 542, 1125
70, 543, 1126
71, 544, 1127
72, 545, 1128
73, 546, 1129
74, 547, 1130
75, 548, 1131
76, 549, 1132
77, 550, 1133
78, 551, 1134
79, 552, 1135
80, 553, 1136
81, 554, 1137
82, 555, 1138
83, 556, 1139
84, 557, 1140
85, 558, 1141
86, 559, 1142
87, 560, 1143
88, 561, 1144
89, 562, 1145
90, 563, 1146
91, 564, 1147
92, 565, 1148
93, 566, 1149
94, 567, 1150
95, 568, 1151
0, 569, 1056
1, 570, 1057
2, 571, 1058
3, 572, 1059
4, 573, 1060
5, 574, 1061
6, 575, 1062
0, 96
1, 97
2, 98
3, 99
4, 100
5, 101
6, 102
7, 103
8, 104
9, 105
10, 106
11, 107
12, 108
13, 109
14, 110
15, 111
16, 112
17, 113
18, 114
19, 115
20, 116
21, 117
22, 118
23, 119
24, 120
25, 121
26, 122
27, 123
28, 124
29, 125
30, 126
31, 127
32, 128
33, 129
34, 130
35, 131
36, 132
37, 133
38, 134
39, 135
40, 136
41, 137
42, 138
43, 139
44, 140
45, 141
46, 142
47, 143
48, 144
49, 145
50, 146
51, 147
52, 148
53, 149
54, 150
55, 151
56, 152
57, 153
58, 154
59, 155
60, 156
61, 157
62, 158
63, 159
64, 160
65, 161
66, 162
67, 163
68, 164
69, 165
70, 166
71, 167
72, 168
73, 169
74, 170
75, 171
76, 172
77, 173
78, 174
79, 175
80, 176
81, 177
82, 178
83, 179
84, 180
85, 181
86, 182
87, 183
88, 184
89, 185
90, 186
91, 187
92, 188
93, 189
94, 190
95, 191
96, 192
97, 193
98, 194
99, 195
100, 196
101, 197
102, 198
103, 199
104, 200
105, 201
106, 202
107, 203
108, 204
109, 205
110, 206
111, 207
112, 208
113, 209
114, 210
115, 211
116, 212
117, 213
118, 214
119, 215
120, 216
121, 217
122, 218
123, 219
124, 220
125, 221
126, 222
127, 223
128, 224
129, 225
130, 226
131, 227
132, 228
133, 229
134, 230
135, 231
136, 232
137, 233
138, 234
139, 235
140, 236
141, 237
142, 238
143, 239
144, 240
145, 241
146, 242
147, 243
148, 244
149, 245
150, 246
151, 247
152, 248
153, 249
154, 250
155, 251
156, 252
157, 253
158, 254
159, 255
160, 256
161, 257
162, 258
163, 259
164, 260
165, 261
166, 262
167, 263
168, 264
169, 265
170, 266
171, 267
172, 268
173, 269
174, 270
175, 271
176, 272
177, 273
178, 274
179, 275
180, 276
181, 277
182, 278
183, 279
184, 280
185, 281
186, 282
187, 283
188, 284
189, 285
190, 286
191, 287
192, 288
193, 289
194, 290
195, 291
196, 292
197, 293
198, 294
199, 295
200, 296
201, 297
202, 298
203, 299
204, 300
205, 301
206, 302
207, 303
208, 304
209, 305
210, 306
211, 307
212, 308
213, 309
214, 310
215, 311
216, 312
217, 313
218, 314
219, 315
220, 316
221, 317
222, 318
223, 319
224, 320
225, 321
226, 322
227, 323
228, 324
229, 325
230, 326
231, 327
232, 328
233, 329
234, 330
235, 331
236, 332
237, 333
238, 334
239, 335
240, 336
241, 337
242, 338
243, 339
244, 340
245, 341
246, 342
247, 343
248, 344
249, 345
250, 346
251, 347
252, 348
253, 349
254, 350
255, 351
256, 352
257, 353
258, 354
259, 355
260, 356
261, 357
262, 358
263, 359
264, 360
265, 361
266, 362
267, 363
268, 364
269, 365
270, 366
271, 367
272, 368
273, 369
274, 370
275, 371
276, 372
277, 373
278, 374
279, 375
280, 376
281, 377
282, 378
283, 379
284, 380
285, 381
286, 382
287, 383
288, 384
289, 385
290, 386
291, 387
292, 388
293, 389
294, 390
295, 391
296, 392
297, 393
298, 394
299, 395
300, 396
301, 397
302, 398
303, 399
304, 400
305, 401
306, 402
307, 403
308, 404
309, 405
310, 406
311, 407
312, 408
313, 409
314, 410
315, 411
316, 412
317, 413
318, 414
319, 415
320, 416
321, 417
322, 418
323, 419
324, 420
325, 421
326, 422
327, 423
328, 424
329, 425
330, 426
331, 427
332, 428
333, 429
334, 430
335, 431
336, 432
337, 433
338, 434
339, 435
340, 436
341, 437
342, 438
343, 439
344, 440
345, 441
346, 442
347, 443
348, 444
349, 445
350, 446
351, 447
352, 448
353, 449
354, 450
355, 451
356, 452
357, 453
358, 454
359, 455
360, 456
361, 457
362, 458
363, 459
364, 460
365, 461
366, 462
367, 463
368, 464
369, 465
370, 466
371, 467
372, 468
373, 469
374, 470
375, 471
376, 472
377, 473
378, 474
379, 475
380, 476
381, 477
382, 478
383, 479
384, 480
385, 481
386, 482
387, 483
388, 484
389, 485
390, 486
391, 487
392, 488
393, 489
394, 490
395, 491
396, 492
397, 493
398, 494
399, 495
400, 496
401, 497
402, 498
403, 499
404, 500
405, 501
406, 502
407, 503
408, 504
409, 505
410, 506
411, 507
412, 508
413, 509
414, 510
415, 511
416, 512
417, 513
418, 514
419, 515
420, 516
421, 517
422, 518
423, 519
424, 520
425, 521
426, 522
427, 523
428, 524
429, 525
430, 526
431, 527
432, 528
433, 529
434, 530
435, 531
436, 532
437, 533
438, 534
439, 535
440, 536
441, 537
442, 538
443, 539
444, 540
445, 541
446, 542
447, 543
448, 544
449, 545
450, 546
451, 547
452, 548
453, 549
454, 550
455, 551
456, 552
457, 553
458, 554
459, 555
460, 556
461, 557
462, 558
463, 559
464, 560
465, 561
466, 562
467, 563
468, 564
469, 565
470, 566
471, 567
472, 568
473, 569
474, 570
475, 571
476, 572
477, 573
478, 574
479, 575
480, 576
481, 577
482, 578
483, 579
484, 580
485, 581
486, 582
487, 583
488, 584
489, 585
490, 586
491, 587
492, 588
493, 589
494, 590
495, 591
496, 592
497, 593
498, 594
499, 595
500, 596
501, 597
502, 598
503, 599
504, 600
505, 601
506, 602
507, 603
508, 604
509, 605
510, 606
511, 607
512, 608
513, 609
514, 610
515, 611
516, 612
517, 613
518, 614
519, 615
520, 616
521, 617
522, 618
523, 619
524, 620
525, 621
526, 622
527, 623
528, 624
529, 625
530, 626
531, 627
532, 628
533, 629
534, 630
535, 631
536, 632
537, 633
538, 634
539, 635
540, 636
541, 637
542, 638
543, 639
544, 640
545, 641
546, 642
547, 643
548, 644
549, 645
550, 646
551, 647
552, 648
553, 649
554, 650
555, 651
556, 652
557, 653
558, 654
559, 655
560, 656
561, 657
562, 658
563, 659
564, 660
565, 661
566, 662
567, 663
568, 664
569, 665
570, 666
571, 667
572, 668
573, 669
574, 670
575, 671
576, 672
577, 673
578, 674
579, 675
580, 676
581, 677
582, 678
583, 679
584, 680
585, 681
586, 682
587, 683
588, 684
589, 685
590, 686
591, 687
592, 688
593, 689
594, 690
595, 691
596, 692
597, 693
598, 694
599, 695
600, 696
601, 697
602, 698
603, 699
604, 700
605, 701
606, 702
607, 703
608, 704
609, 705
610, 706
611, 707
612, 708
613, 709
614, 710
615, 711
616, 712
617, 713
618, 714
619, 715
620, 716
621, 717
622, 718
623, 719
624, 720
625, 721
626, 722
627, 723
628, 724
629, 725
630, 726
631, 727
632, 728
633, 729
634, 730
635, 731
636, 732
637, 733
638, 734
639, 735
640, 736
641, 737
642, 738
643, 739
644, 740
645, 741
646, 742
647, 743
648, 744
649, 745
650, 746
651, 747
652, 748
653, 749
654, 750
655, 751
656, 752
657, 753
658, 754
659, 755
660, 756
661, 757
662, 758
663, 759
664, 760
665, 761
666, 762
667, 763
668, 764
669, 765
670, 766
671, 767
672, 768
673, 769
674, 770
675, 771
676, 772
677, 773
678, 774
679, 775
680, 776
681, 777
682, 778
683, 779
684, 780
685, 781
686, 782
687, 783
688, 784
689, 785
690, 786
691, 787
692, 788
693, 789
694, 790
695, 791
696, 792
697, 793
698, 794
699, 795
700, 796
701, 797
702, 798
703, 799
704, 800
705, 801
706, 802
707, 803
708, 804
709, 805
710, 806
711, 807
712, 808
713, 809
714, 810
715, 811
716, 812
717, 813
718, 814
719, 815
720, 816
721, 817
722, 818
723, 819
724, 820
725, 821
726, 822
727, 823
728, 824
729, 825
730, 826
731, 827
732, 828
733, 829
734, 830
735, 831
736, 832
737, 833
738, 834
739, 835
740, 836
741, 837
742, 838
743, 839
744, 840
745, 841
746, 842
747, 843
748, 844
749, 845
750, 846
751, 847
752, 848
753, 849
754, 850
755, 851
756, 852
757, 853
758, 854
759, 855
760, 856
761, 857
762, 858
763, 859
764, 860
765, 861
766, 862
767, 863
768, 864
769, 865
770, 866
771, 867
772, 868
773, 869
774, 870
775, 871
776, 872
777, 873
778, 874
779, 875
780, 876
781, 877
782, 878
783, 879
784, 880
785, 881
786, 882
787, 883
788, 884
789, 885
790, 886
791, 887
792, 888
793, 889
794, 890
795, 891
796, 892
797, 893
798, 894
799, 895
800, 896
801, 897
802, 898
803, 899
804, 900
805, 901
806, 902
807, 903
808, 904
809, 905
810, 906
811, 907
812, 908
813, 909
814, 910
815, 911
816, 912
817, 913
818, 914
819, 915
820, 916
821, 917
822, 918
823, 919
824, 920
825, 921
826, 922
827, 923
828, 924
829, 925
830, 926
831, 927
832, 928
833, 929
834, 930
835, 931
836, 932
837, 933
838, 934
839, 935
840, 936
841, 937
842, 938
843, 939
844, 940
845, 941
846, 942
847, 943
848, 944
849, 945
850, 946
851, 947
852, 948
853, 949
854, 950
855, 951
856, 952
857, 953
858, 954
859, 955
860, 956
861, 957
862, 958
863, 959
864, 960
865, 961
866, 962
867, 963
868, 964
869, 965
870, 966
871, 967
872, 968
873, 969
874, 970
875, 971
876, 972
877, 973
878, 974
879, 975
880, 976
881, 977
882, 978
883, 979
884, 980
885, 981
886, 982
887, 983
888, 984
889, 985
890, 986
891, 987
892, 988
893, 989
894, 990
895, 991
896, 992
897, 993
898, 994
899, 995
900, 996
901, 997
902, 998
903, 999
904, 1000
905, 1001
906, 1002
907, 1003
908, 1004
909, 1005
910, 1006
911, 1007
912, 1008
913, 1009
914, 1010
915, 1011
916, 1012
917, 1013
918, 1014
919, 1015
920, 1016
921, 1017
922, 1018
923, 1019
924, 1020
925, 1021
926, 1022
927, 1023
928, 1024
929, 1025
930, 1026
931, 1027
932, 1028
933, 1029
934, 1030
935, 1031
936, 1032
937, 1033
938, 1034
939, 1035
940, 1036
941, 1037
942, 1038
943, 1039
944, 1040
945, 1041
946, 1042
947, 1043
948, 1044
949, 1045
950, 1046
951, 1047
952, 1048
953, 1049
954, 1050
955, 1051
956, 1052
957, 1053
958, 1054
959, 1055
960, 1056
961, 1057
962, 1058
963, 1059
964, 1060
965, 1061
966, 1062
967, 1063
968, 1064
969, 1065
970, 1066
971, 1067
972, 1068
973, 1069
974, 1070
975, 1071
976, 1072
977, 1073
978, 1074
979, 1075
980, 1076
981, 1077
982, 1078
983, 1079
984, 1080
985, 1081
986, 1082
987, 1083
988, 1084
989, 1085
990, 1086
991, 1087
992, 1088
993, 1089
994, 1090
995, 1091
996, 1092
997, 1093
998, 1094
999, 1095
1000, 1096
1001, 1097
1002, 1098
1003, 1099
1004, 1100
1005, 1101
1006, 1102
1007, 1103
1008, 1104
1009, 1105
1010, 1106
1011, 1107
1012, 1108
1013, 1109
1014, 1110
1015, 1111
1016, 1112
1017, 1113
1018, 1114
1019, 1115
1020, 1116
1021, 1117
1022, 1118
1023, 1119
1024, 1120
1025, 1121
1026, 1122
1027, 1123
1028, 1124
1029, 1125
1030, 1126
1031, 1127
1032, 1128
1033, 1129
1034, 1130
1035, 1131
1036, 1132
1037, 1133
1038, 1134
1039, 1135
1040, 1136
1041, 1137
1042, 1138
1043, 1139
1044, 1140
1045, 1141
1046, 1142
1047, 1143
1048, 1144
1049, 1145
1050, 1146
1051, 1147
1052, 1148
1053, 1149
1054, 1150
1055, 1151