53, 510, 727, 1126
54, 511, 728, 1127
55, 512, 729, 1128
56, 513, 730, 1129
57, 514, 731, 1130
58, 515, 732, 1131
59, 516, 733, 1132
60, 517, 734, 1133
61, 518, 735, 1134
62, 519, 736, 1135
63, 520, 737, 1136
64, 521, 738, 1137
65, 522, 739, 1138
66, 523, 740, 1139
67, 524, 741, 1140
68, 525, 742, 1141
69, 526, 743, 1142
70, 527, 744, 1143
71, 528, 745, 1144
72, 529, 746, 1145
73, 530, 747, 1146
74, 531, 748, 1147
75, 532, 749, 1148
76, 533, 750, 1149
77, 534, 751, 1150
78, 535, 752, 1151
79, 536, 753, 1056
80, 537, 754, 1057
81, 538, 755, 1058
82, 539, 756, 1059
83, 540, 757, 1060
84, 541, 758, 1061
85, 542, 759, 1062
86, 543, 760, 1063
87, 544, 761, 1064
88, 545, 762, 1065
89, 546, 763, 1066
90, 547, 764, 1067
91, 548, 765, 1068
92, 549, 766, 1069
93, 550, 767, 1070
94, 551, 672, 1071
95, 552, 673, 1072
0, 553, 674, 1073
1, 554, 675, 1074
2, 555, 676, 1075
3, 556, 677, 1076
4, 557, 678, 1077
5, 558, 679, 1078
6, 559, 680, 1079
7, 560, 681, 1080
8, 561, 682, 1081
9, 562, 683, 1082
10, 563, 684, 1083
11, 564, 685, 1084
12, 565, 686, 1085
13, 566, 687, 1086
14, 567, 688, 1087
15, 568, 689, 1088
16, 569, 690, 1089
17, 570, 691, 1090
18, 571, 692, 1091
19, 572, 693, 1092
20, 573, 694, 1093
21, 574, 695, 1094
22, 575, 696, 1095
23, 480, 697, 1096
24, 481, 698, 1097
25, 482, 699, 1098
26, 483, 700, 1099
27, 484, 701, 1100
28, 485, 702, 1101
29, 486, 703, 1102
30, 487, 704, 1103
31, 488, 705, 1104
32, 489, 706, 1105
33, 490, 707, 1106
34, 491, 708, 1107
35, 492, 709, 1108
36, 493, 710, 1109
37, 494, 711, 1110
38, 495, 712, 1111
39, 496, 713, 1112
40, 497, 714, 1113
41, 498, 715, 1114
42, 499, 716, 1115
43, 500, 717, 1116
44, 501, 718, 1117
45, 502, 719, 1118
46, 503, 720, 1119
47, 504, 721, 1120
48, 505, 722, 1121
49, 506, 723, 1122
50, 507, 724, 1123
51, 508, 725, 1124
52, 509, 726, 1125