98, 215, 809, 877
99, 216, 810, 878
100, 217, 811, 879
101, 218, 812, 880
102, 219, 813, 881
103, 220, 814, 882
104, 221, 815, 883
105, 222, 816, 884
106, 223, 817, 885
107, 224, 818, 886
108, 225, 819, 887
109, 226, 820, 888
110, 227, 821, 889
111, 228, 822, 890
112, 229, 823, 891
113, 230, 824, 892
114, 231, 825, 893
115, 232, 826, 894
116, 233, 827, 895
117, 234, 828, 896
118, 235, 829, 897
119, 236, 830, 898
120, 237, 831, 899
121, 238, 832, 900
122, 239, 833, 901
123, 240, 834, 902
124, 241, 835, 903
125, 242, 836, 904
126, 243, 837, 905
127, 244, 838, 906
128, 245, 839, 907
129, 246, 840, 908
130, 247, 841, 909
131, 248, 842, 910
132, 249, 843, 911
133, 250, 844, 912
134, 251, 845, 913
135, 252, 846, 914
136, 253, 847, 915
137, 254, 848, 916
138, 255, 849, 917
139, 256, 850, 918
140, 257, 851, 919
141, 258, 852, 920
142, 259, 853, 921
143, 260, 854, 922
144, 261, 855, 923
145, 262, 856, 924
146, 263, 857, 925
147, 264, 858, 926
148, 265, 859, 927
149, 266, 860, 928
150, 267, 861, 929
151, 268, 862, 930
152, 269, 863, 931
153, 270, 768, 932
154, 271, 769, 933
155, 272, 770, 934
156, 273, 771, 935
157, 274, 772, 936
158, 275, 773, 937
159, 276, 774, 938
160, 277, 775, 939
161, 278, 776, 940
162, 279, 777, 941
163, 280, 778, 942
164, 281, 779, 943
165, 282, 780, 944
166, 283, 781, 945
167, 284, 782, 946
168, 285, 783, 947
169, 286, 784, 948
170, 287, 785, 949
171, 192, 786, 950
172, 193, 787, 951
173, 194, 788, 952
174, 195, 789, 953
175, 196, 790, 954
176, 197, 791, 955
177, 198, 792, 956
178, 199, 793, 957
179, 200, 794, 958
180, 201, 795, 959
181, 202, 796, 864
182, 203, 797, 865
183, 204, 798, 866
184, 205, 799, 867
185, 206, 800, 868
186, 207, 801, 869
187, 208, 802, 870
188, 209, 803, 871
189, 210, 804, 872
190, 211, 805, 873
191, 212, 806, 874
96, 213, 807, 875
97, 214, 808, 876
165, 554, 593, 759, 1140
166, 555, 594, 760, 1141
167, 556, 595, 761, 1142
168, 557, 596, 762, 1143
169, 558, 597, 763, 1144
170, 559, 598, 764, 1145
171, 560, 599, 765, 1146
172, 561, 600, 766, 1147
173, 562, 601, 767, 1148
174, 563, 602, 672, 1149
175, 564, 603, 673, 1150
176, 565, 604, 674, 1151
177, 566, 605, 675, 1056
178, 567, 606, 676, 1057
179, 568, 607, 677, 1058
180, 569, 608, 678, 1059
181, 570, 609, 679, 1060
182, 571, 610, 680, 1061
183, 572, 611, 681, 1062
184, 573, 612, 682, 1063
185, 574, 613, 683, 1064
186, 575, 614, 684, 1065
187, 480, 615, 685, 1066
188, 481, 616, 686, 1067
189, 482, 617, 687, 1068
190, 483, 618, 688, 1069
191, 484, 619, 689, 1070
96, 485, 620, 690, 1071
97, 486, 621, 691, 1072
98, 487, 622, 692, 1073
99, 488, 623, 693, 1074
100, 489, 624, 694, 1075
101, 490, 625, 695, 1076
102, 491, 626, 696, 1077
103, 492, 627, 697, 1078
104, 493, 628, 698, 1079
105, 494, 629, 699, 1080
106, 495, 630, 700, 1081
107, 496, 631, 701, 1082
108, 497, 632, 702, 1083
109, 498, 633, 703, 1084
110, 499, 634, 704, 1085
111, 500, 635, 705, 1086
112, 501, 636, 706, 1087
113, 502, 637, 707, 1088
114, 503, 638, 708, 1089
115, 504, 639, 709, 1090
116, 505, 640, 710, 1091
117, 506, 641, 711, 1092
118, 507, 642, 712, 1093
119, 508, 643, 713, 1094
120, 509, 644, 714, 1095
121, 510, 645, 715, 1096
122, 511, 646, 716, 1097
123, 512, 647, 717, 1098
124, 513, 648, 718, 1099
125, 514, 649, 719, 1100
126, 515, 650, 720, 1101
127, 516, 651, 721, 1102
128, 517, 652, 722, 1103
129, 518, 653, 723, 1104
130, 519, 654, 724, 1105
131, 520, 655, 725, 1106
132, 521, 656, 726, 1107
133, 522, 657, 727, 1108
134, 523, 658, 728, 1109
135, 524, 659, 729, 1110
136, 525, 660, 730, 1111
137, 526, 661, 731, 1112
138, 527, 662, 732, 1113
139, 528, 663, 733, 1114
140, 529, 664, 734, 1115
141, 530, 665, 735, 1116
142, 531, 666, 736, 1117
143, 532, 667, 737, 1118
144, 533, 668, 738, 1119
145, 534, 669, 739, 1120
146, 535, 670, 740, 1121
147, 536, 671, 741, 1122
148, 537, 576, 742, 1123
149, 538, 577, 743, 1124
150, 539, 578, 744, 1125
151, 540, 579, 745, 1126
152, 541, 580, 746, 1127
153, 542, 581, 747, 1128
154, 543, 582, 748, 1129
155, 544, 583, 749, 1130
156, 545, 584, 750, 1131
157, 546, 585, 751, 1132
158, 547, 586, 752, 1133
159, 548, 587, 753, 1134
160, 549, 588, 754, 1135
161, 550, 589, 755, 1136
162, 551, 590, 756, 1137
163, 552, 591, 757, 1138
164, 553, 592, 758, 1139
360, 458, 495, 735, 1056
361, 459, 496, 736, 1057
362, 460, 497, 737, 1058
363, 461, 498, 738, 1059
364, 462, 499, 739, 1060
365, 463, 500, 740, 1061
366, 464, 501, 741, 1062
367, 465, 502, 742, 1063
368, 466, 503, 743, 1064
369, 467, 504, 744, 1065
370, 468, 505, 745, 1066
371, 469, 506, 746, 1067
372, 470, 507, 747, 1068
373, 471, 508, 748, 1069
374, 472, 509, 749, 1070
375, 473, 510, 750, 1071
376, 474, 511, 751, 1072
377, 475, 512, 752, 1073
378, 476, 513, 753, 1074
379, 477, 514, 754, 1075
380, 478, 515, 755, 1076
381, 479, 516, 756, 1077
382, 384, 517, 757, 1078
383, 385, 518, 758, 1079
288, 386, 519, 759, 1080
289, 387, 520, 760, 1081
290, 388, 521, 761, 1082
291, 389, 522, 762, 1083
292, 390, 523, 763, 1084
293, 391, 524, 764, 1085
294, 392, 525, 765, 1086
295, 393, 526, 766, 1087
296, 394, 527, 767, 1088
297, 395, 528, 672, 1089
298, 396, 529, 673, 1090
299, 397, 530, 674, 1091
300, 398, 531, 675, 1092
301, 399, 532, 676, 1093
302, 400, 533, 677, 1094
303, 401, 534, 678, 1095
304, 402, 535, 679, 1096
305, 403, 536, 680, 1097
306, 404, 537, 681, 1098
307, 405, 538, 682, 1099
308, 406, 539, 683, 1100
309, 407, 540, 684, 1101
310, 408, 541, 685, 1102
311, 409, 542, 686, 1103
312, 410, 543, 687, 1104
313, 411, 544, 688, 1105
314, 412, 545, 689, 1106
315, 413, 546, 690, 1107
316, 414, 547, 691, 1108
317, 415, 548, 692, 1109
318, 416, 549, 693, 1110
319, 417, 550, 694, 1111
320, 418, 551, 695, 1112
321, 419, 552, 696, 1113
322, 420, 553, 697, 1114
323, 421, 554, 698, 1115
324, 422, 555, 699, 1116
325, 423, 556, 700, 1117
326, 424, 557, 701, 1118
327, 425, 558, 702, 1119
328, 426, 559, 703, 1120
329, 427, 560, 704, 1121
330, 428, 561, 705, 1122
331, 429, 562, 706, 1123
332, 430, 563, 707, 1124
333, 431, 564, 708, 1125
334, 432, 565, 709, 1126
335, 433, 566, 710, 1127
336, 434, 567, 711, 1128
337, 435, 568, 712, 1129
338, 436, 569, 713, 1130
339, 437, 570, 714, 1131
340, 438, 571, 715, 1132
341, 439, 572, 716, 1133
342, 440, 573, 717, 1134
343, 441, 574, 718, 1135
344, 442, 575, 719, 1136
345, 443, 480, 720, 1137
346, 444, 481, 721, 1138
347, 445, 482, 722, 1139
348, 446, 483, 723, 1140
349, 447, 484, 724, 1141
350, 448, 485, 725, 1142
351, 449, 486, 726, 1143
352, 450, 487, 727, 1144
353, 451, 488, 728, 1145
354, 452, 489, 729, 1146
355, 453, 490, 730, 1147
356, 454, 491, 731, 1148
357, 455, 492, 732, 1149
358, 456, 493, 733, 1150
359, 457, 494, 734, 1151
35, 241, 799, 935
36, 242, 800, 936
37, 243, 801, 937
38, 244, 802, 938
39, 245, 803, 939
40, 246, 804, 940
41, 247, 805, 941
42, 248, 806, 942
43, 249, 807, 943
44, 250, 808, 944
45, 251, 809, 945
46, 252, 810, 946
47, 253, 811, 947
48, 254, 812, 948
49, 255, 813, 949
50, 256, 814, 950
51, 257, 815, 951
52, 258, 816, 952
53, 259, 817, 953
54, 260, 818, 954
55, 261, 819, 955
56, 262, 820, 956
57, 263, 821, 957
58, 264, 822, 958
59, 265, 823, 959
60, 266, 824, 864
61, 267, 825, 865
62, 268, 826, 866
63, 269, 827, 867
64, 270, 828, 868
65, 271, 829, 869
66, 272, 830, 870
67, 273, 831, 871
68, 274, 832, 872
69, 275, 833, 873
70, 276, 834, 874
71, 277, 835, 875
72, 278, 836, 876
73, 279, 837, 877
74, 280, 838, 878
75, 281, 839, 879
76, 282, 840, 880
77, 283, 841, 881
78, 284, 842, 882
79, 285, 843, 883
80, 286, 844, 884
81, 287, 845, 885
82, 192, 846, 886
83, 193, 847, 887
84, 194, 848, 888
85, 195, 849, 889
86, 196, 850, 890
87, 197, 851, 891
88, 198, 852, 892
89, 199, 853, 893
90, 200, 854, 894
91, 201, 855, 895
92, 202, 856, 896
93, 203, 857, 897
94, 204, 858, 898
95, 205, 859, 899
0, 206, 860, 900
1, 207, 861, 901
2, 208, 862, 902
3, 209, 863, 903
4, 210, 768, 904
5, 211, 769, 905
6, 212, 770, 906
7, 213, 771, 907
8, 214, 772, 908
9, 215, 773, 909
10, 216, 774, 910
11, 217, 775, 911
12, 218, 776, 912
13, 219, 777, 913
14, 220, 778, 914
15, 221, 779, 915
16, 222, 780, 916
17, 223, 781, 917
18, 224, 782, 918
19, 225, 783, 919
20, 226, 784, 920
21, 227, 785, 921
22, 228, 786, 922
23, 229, 787, 923
24, 230, 788, 924
25, 231, 789, 925
26, 232, 790, 926
27, 233, 791, 927
28, 234, 792, 928
29, 235, 793, 929
30, 236, 794, 930
31, 237, 795, 931
32, 238, 796, 932
33, 239, 797, 933
34, 240, 798, 934
249, 588, 919, 984
250, 589, 920, 985
251, 590, 921, 986
252, 591, 922, 987
253, 592, 923, 988
254, 593, 924, 989
255, 594, 925, 990
256, 595, 926, 991
257, 596, 927, 992
258, 597, 928, 993
259, 598, 929, 994
260, 599, 930, 995
261, 600, 931, 996
262, 601, 932, 997
263, 602, 933, 998
264, 603, 934, 999
265, 604, 935, 1000
266, 605, 936, 1001
267, 606, 937, 1002
268, 607, 938, 1003
269, 608, 939, 1004
270, 609, 940, 1005
271, 610, 941, 1006
272, 611, 942, 1007
273, 612, 943, 1008
274, 613, 944, 1009
275, 614, 945, 1010
276, 615, 946, 1011
277, 616, 947, 1012
278, 617, 948, 1013
279, 618, 949, 1014
280, 619, 950, 1015
281, 620, 951, 1016
282, 621, 952, 1017
283, 622, 953, 1018
284, 623, 954, 1019
285, 624, 955, 1020
286, 625, 956, 1021
287, 626, 957, 1022
192, 627, 958, 1023
193, 628, 959, 1024
194, 629, 864, 1025
195, 630, 865, 1026
196, 631, 866, 1027
197, 632, 867, 1028
198, 633, 868, 1029
199, 634, 869, 1030
200, 635, 870, 1031
201, 636, 871, 1032
202, 637, 872, 1033
203, 638, 873, 1034
204, 639, 874, 1035
205, 640, 875, 1036
206, 641, 876, 1037
207, 642, 877, 1038
208, 643, 878, 1039
209, 644, 879, 1040
210, 645, 880, 1041
211, 646, 881, 1042
212, 647, 882, 1043
213, 648, 883, 1044
214, 649, 884, 1045
215, 650, 885, 1046
216, 651, 886, 1047
217, 652, 887, 1048
218, 653, 888, 1049
219, 654, 889, 1050
220, 655, 890, 1051
221, 656, 891, 1052
222, 657, 892, 1053
223, 658, 893, 1054
224, 659, 894, 1055
225, 660, 895, 960
226, 661, 896, 961
227, 662, 897, 962
228, 663, 898, 963
229, 664, 899, 964
230, 665, 900, 965
231, 666, 901, 966
232, 667, 902, 967
233, 668, 903, 968
234, 669, 904, 969
235, 670, 905, 970
236, 671, 906, 971
237, 576, 907, 972
238, 577, 908, 973
239, 578, 909, 974
240, 579, 910, 975
241, 580, 911, 976
242, 581, 912, 977
243, 582, 913, 978
244, 583, 914, 979
245, 584, 915, 980
246, 585, 916, 981
247, 586, 917, 982
248, 587, 918, 983
434, 536, 686, 1073
435, 537, 687, 1074
436, 538, 688, 1075
437, 539, 689, 1076
438, 540, 690, 1077
439, 541, 691, 1078
440, 542, 692, 1079
441, 543, 693, 1080
442, 544, 694, 1081
443, 545, 695, 1082
444, 546, 696, 1083
445, 547, 697, 1084
446, 548, 698, 1085
447, 549, 699, 1086
448, 550, 700, 1087
449, 551, 701, 1088
450, 552, 702, 1089
451, 553, 703, 1090
452, 554, 704, 1091
453, 555, 705, 1092
454, 556, 706, 1093
455, 557, 707, 1094
456, 558, 708, 1095
457, 559, 709, 1096
458, 560, 710, 1097
459, 561, 711, 1098
460, 562, 712, 1099
461, 563, 713, 1100
462, 564, 714, 1101
463, 565, 715, 1102
464, 566, 716, 1103
465, 567, 717, 1104
466, 568, 718, 1105
467, 569, 719, 1106
468, 570, 720, 1107
469, 571, 721, 1108
470, 572, 722, 1109
471, 573, 723, 1110
472, 574, 724, 1111
473, 575, 725, 1112
474, 480, 726, 1113
475, 481, 727, 1114
476, 482, 728, 1115
477, 483, 729, 1116
478, 484, 730, 1117
479, 485, 731, 1118
384, 486, 732, 1119
385, 487, 733, 1120
386, 488, 734, 1121
387, 489, 735, 1122
388, 490, 736, 1123
389, 491, 737, 1124
390, 492, 738, 1125
391, 493, 739, 1126
392, 494, 740, 1127
393, 495, 741, 1128
394, 496, 742, 1129
395, 497, 743, 1130
396, 498, 744, 1131
397, 499, 745, 1132
398, 500, 746, 1133
399, 501, 747, 1134
400, 502, 748, 1135
401, 503, 749, 1136
402, 504, 750, 1137
403, 505, 751, 1138
404, 506, 752, 1139
405, 507, 753, 1140
406, 508, 754, 1141
407, 509, 755, 1142
408, 510, 756, 1143
409, 511, 757, 1144
410, 512, 758, 1145
411, 513, 759, 1146
412, 514, 760, 1147
413, 515, 761, 1148
414, 516, 762, 1149
415, 517, 763, 1150
416, 518, 764, 1151
417, 519, 765, 1056
418, 520, 766, 1057
419, 521, 767, 1058
420, 522, 672, 1059
421, 523, 673, 1060
422, 524, 674, 1061
423, 525, 675, 1062
424, 526, 676, 1063
425, 527, 677, 1064
426, 528, 678, 1065
427, 529, 679, 1066
428, 530, 680, 1067
429, 531, 681, 1068
430, 532, 682, 1069
431, 533, 683, 1070
432, 534, 684, 1071
433, 535, 685, 1072
193, 331, 946, 1038
194, 332, 947, 1039
195, 333, 948, 1040
196, 334, 949, 1041
197, 335, 950, 1042
198, 336, 951, 1043
199, 337, 952, 1044
200, 338, 953, 1045
201, 339, 954, 1046
202, 340, 955, 1047
203, 341, 956, 1048
204, 342, 957, 1049
205, 343, 958, 1050
206, 344, 959, 1051
207, 345, 864, 1052
208, 346, 865, 1053
209, 347, 866, 1054
210, 348, 867, 1055
211, 349, 868, 960
212, 350, 869, 961
213, 351, 870, 962
214, 352, 871, 963
215, 353, 872, 964
216, 354, 873, 965
217, 355, 874, 966
218, 356, 875, 967
219, 357, 876, 968
220, 358, 877, 969
221, 359, 878, 970
222, 360, 879, 971
223, 361, 880, 972
224, 362, 881, 973
225, 363, 882, 974
226, 364, 883, 975
227, 365, 884, 976
228, 366, 885, 977
229, 367, 886, 978
230, 368, 887, 979
231, 369, 888, 980
232, 370, 889, 981
233, 371, 890, 982
234, 372, 891, 983
235, 373, 892, 984
236, 374, 893, 985
237, 375, 894, 986
238, 376, 895, 987
239, 377, 896, 988
240, 378, 897, 989
241, 379, 898, 990
242, 380, 899, 991
243, 381, 900, 992
244, 382, 901, 993
245, 383, 902, 994
246, 288, 903, 995
247, 289, 904, 996
248, 290, 905, 997
249, 291, 906, 998
250, 292, 907, 999
251, 293, 908, 1000
252, 294, 909, 1001
253, 295, 910, 1002
254, 296, 911, 1003
255, 297, 912, 1004
256, 298, 913, 1005
257, 299, 914, 1006
258, 300, 915, 1007
259, 301, 916, 1008
260, 302, 917, 1009
261, 303, 918, 1010
262, 304, 919, 1011
263, 305, 920, 1012
264, 306, 921, 1013
265, 307, 922, 1014
266, 308, 923, 1015
267, 309, 924, 1016
268, 310, 925, 1017
269, 311, 926, 1018
270, 312, 927, 1019
271, 313, 928, 1020
272, 314, 929, 1021
273, 315, 930, 1022
274, 316, 931, 1023
275, 317, 932, 1024
276, 318, 933, 1025
277, 319, 934, 1026
278, 320, 935, 1027
279, 321, 936, 1028
280, 322, 937, 1029
281, 323, 938, 1030
282, 324, 939, 1031
283, 325, 940, 1032
284, 326, 941, 1033
285, 327, 942, 1034
286, 328, 943, 1035
287, 329, 944, 1036
192, 330, 945, 1037
181, 215, 670, 913
182, 216, 671, 914
183, 217, 576, 915
184, 218, 577, 916
185, 219, 578, 917
186, 220, 579, 918
187, 221, 580, 919
188, 222, 581, 920
189, 223, 582, 921
190, 224, 583, 922
191, 225, 584, 923
96, 226, 585, 924
97, 227, 586, 925
98, 228, 587, 926
99, 229, 588, 927
100, 230, 589, 928
101, 231, 590, 929
102, 232, 591, 930
103, 233, 592, 931
104, 234, 593, 932
105, 235, 594, 933
106, 236, 595, 934
107, 237, 596, 935
108, 238, 597, 936
109, 239, 598, 937
110, 240, 599, 938
111, 241, 600, 939
112, 242, 601, 940
113, 243, 602, 941
114, 244, 603, 942
115, 245, 604, 943
116, 246, 605, 944
117, 247, 606, 945
118, 248, 607, 946
119, 249, 608, 947
120, 250, 609, 948
121, 251, 610, 949
122, 252, 611, 950
123, 253, 612, 951
124, 254, 613, 952
125, 255, 614, 953
126, 256, 615, 954
127, 257, 616, 955
128, 258, 617, 956
129, 259, 618, 957
130, 260, 619, 958
131, 261, 620, 959
132, 262, 621, 864
133, 263, 622, 865
134, 264, 623, 866
135, 265, 624, 867
136, 266, 625, 868
137, 267, 626, 869
138, 268, 627, 870
139, 269, 628, 871
140, 270, 629, 872
141, 271, 630, 873
142, 272, 631, 874
143, 273, 632, 875
144, 274, 633, 876
145, 275, 634, 877
146, 276, 635, 878
147, 277, 636, 879
148, 278, 637, 880
149, 279, 638, 881
150, 280, 639, 882
151, 281, 640, 883
152, 282, 641, 884
153, 283, 642, 885
154, 284, 643, 886
155, 285, 644, 887
156, 286, 645, 888
157, 287, 646, 889
158, 192, 647, 890
159, 193, 648, 891
160, 194, 649, 892
161, 195, 650, 893
162, 196, 651, 894
163, 197, 652, 895
164, 198, 653, 896
165, 199, 654, 897
166, 200, 655, 898
167, 201, 656, 899
168, 202, 657, 900
169, 203, 658, 901
170, 204, 659, 902
171, 205, 660, 903
172, 206, 661, 904
173, 207, 662, 905
174, 208, 663, 906
175, 209, 664, 907
176, 210, 665, 908
177, 211, 666, 909
178, 212, 667, 910
179, 213, 668, 911
180, 214, 669, 912
84, 397, 552, 725, 1101
85, 398, 553, 726, 1102
86, 399, 554, 727, 1103
87, 400, 555, 728, 1104
88, 401, 556, 729, 1105
89, 402, 557, 730, 1106
90, 403, 558, 731, 1107
91, 404, 559, 732, 1108
92, 405, 560, 733, 1109
93, 406, 561, 734, 1110
94, 407, 562, 735, 1111
95, 408, 563, 736, 1112
0, 409, 564, 737, 1113
1, 410, 565, 738, 1114
2, 411, 566, 739, 1115
3, 412, 567, 740, 1116
4, 413, 568, 741, 1117
5, 414, 569, 742, 1118
6, 415, 570, 743, 1119
7, 416, 571, 744, 1120
8, 417, 572, 745, 1121
9, 418, 573, 746, 1122
10, 419, 574, 747, 1123
11, 420, 575, 748, 1124
12, 421, 480, 749, 1125
13, 422, 481, 750, 1126
14, 423, 482, 751, 1127
15, 424, 483, 752, 1128
16, 425, 484, 753, 1129
17, 426, 485, 754, 1130
18, 427, 486, 755, 1131
19, 428, 487, 756, 1132
20, 429, 488, 757, 1133
21, 430, 489, 758, 1134
22, 431, 490, 759, 1135
23, 432, 491, 760, 1136
24, 433, 492, 761, 1137
25, 434, 493, 762, 1138
26, 435, 494, 763, 1139
27, 436, 495, 764, 1140
28, 437, 496, 765, 1141
29, 438, 497, 766, 1142
30, 439, 498, 767, 1143
31, 440, 499, 672, 1144
32, 441, 500, 673, 1145
33, 442, 501, 674, 1146
34, 443, 502, 675, 1147
35, 444, 503, 676, 1148
36, 445, 504, 677, 1149
37, 446, 505, 678, 1150
38, 447, 506, 679, 1151
39, 448, 507, 680, 1056
40, 449, 508, 681, 1057
41, 450, 509, 682, 1058
42, 451, 510, 683, 1059
43, 452, 511, 684, 1060
44, 453, 512, 685, 1061
45, 454, 513, 686, 1062
46, 455, 514, 687, 1063
47, 456, 515, 688, 1064
48, 457, 516, 689, 1065
49, 458, 517, 690, 1066
50, 459, 518, 691, 1067
51, 460, 519, 692, 1068
52, 461, 520, 693, 1069
53, 462, 521, 694, 1070
54, 463, 522, 695, 1071
55, 464, 523, 696, 1072
56, 465, 524, 697, 1073
57, 466, 525, 698, 1074
58, 467, 526, 699, 1075
59, 468, 527, 700, 1076
60, 469, 528, 701, 1077
61, 470, 529, 702, 1078
62, 471, 530, 703, 1079
63, 472, 531, 704, 1080
64, 473, 532, 705, 1081
65, 474, 533, 706, 1082
66, 475, 534, 707, 1083
67, 476, 535, 708, 1084
68, 477, 536, 709, 1085
69, 478, 537, 710, 1086
70, 479, 538, 711, 1087
71, 384, 539, 712, 1088
72, 385, 540, 713, 1089
73, 386, 541, 714, 1090
74, 387, 542, 715, 1091
75, 388, 543, 716, 1092
76, 389, 544, 717, 1093
77, 390, 545, 718, 1094
78, 391, 546, 719, 1095
79, 392, 547, 720, 1096
80, 393, 548, 721, 1097
81, 394, 549, 722, 1098
82, 395, 550, 723, 1099
83, 396, 551, 724, 1100
482, 709, 986, 1080
483, 710, 987, 1081
484, 711, 988, 1082
485, 712, 989, 1083
486, 713, 990, 1084
487, 714, 991, 1085
488, 715, 992, 1086
489, 716, 993, 1087
490, 717, 994, 1088
491, 718, 995, 1089
492, 719, 996, 1090
493, 720, 997, 1091
494, 721, 998, 1092
495, 722, 999, 1093
496, 723, 1000, 1094
497, 724, 1001, 1095
498, 725, 1002, 1096
499, 726, 1003, 1097
500, 727, 1004, 1098
501, 728, 1005, 1099
502, 729, 1006, 1100
503, 730, 1007, 1101
504, 731, 1008, 1102
505, 732, 1009, 1103
506, 733, 1010, 1104
507, 734, 1011, 1105
508, 735, 1012, 1106
509, 736, 1013, 1107
510, 737, 1014, 1108
511, 738, 1015, 1109
512, 739, 1016, 1110
513, 740, 1017, 1111
514, 741, 1018, 1112
515, 742, 1019, 1113
516, 743, 1020, 1114
517, 744, 1021, 1115
518, 745, 1022, 1116
519, 746, 1023, 1117
520, 747, 1024, 1118
521, 748, 1025, 1119
522, 749, 1026, 1120
523, 750, 1027, 1121
524, 751, 1028, 1122
525, 752, 1029, 1123
526, 753, 1030, 1124
527, 754, 1031, 1125
528, 755, 1032, 1126
529, 756, 1033, 1127
530, 757, 1034, 1128
531, 758, 1035, 1129
532, 759, 1036, 1130
533, 760, 1037, 1131
534, 761, 1038, 1132
535, 762, 1039, 1133
536, 763, 1040, 1134
537, 764, 1041, 1135
538, 765, 1042, 1136
539, 766, 1043, 1137
540, 767, 1044, 1138
541, 672, 1045, 1139
542, 673, 1046, 1140
543, 674, 1047, 1141
544, 675, 1048, 1142
545, 676, 1049, 1143
546, 677, 1050, 1144
547, 678, 1051, 1145
548, 679, 1052, 1146
549, 680, 1053, 1147
550, 681, 1054, 1148
551, 682, 1055, 1149
552, 683, 960, 1150
553, 684, 961, 1151
554, 685, 962, 1056
555, 686, 963, 1057
556, 687, 964, 1058
557, 688, 965, 1059
558, 689, 966, 1060
559, 690, 967, 1061
560, 691, 968, 1062
561, 692, 969, 1063
562, 693, 970, 1064
563, 694, 971, 1065
564, 695, 972, 1066
565, 696, 973, 1067
566, 697, 974, 1068
567, 698, 975, 1069
568, 699, 976, 1070
569, 700, 977, 1071
570, 701, 978, 1072
571, 702, 979, 1073
572, 703, 980, 1074
573, 704, 981, 1075
574, 705, 982, 1076
575, 706, 983, 1077
480, 707, 984, 1078
481, 708, 985, 1079
281, 319, 825, 911
282, 320, 826, 912
283, 321, 827, 913
284, 322, 828, 914
285, 323, 829, 915
286, 324, 830, 916
287, 325, 831, 917
192, 326, 832, 918
193, 327, 833, 919
194, 328, 834, 920
195, 329, 835, 921
196, 330, 836, 922
197, 331, 837, 923
198, 332, 838, 924
199, 333, 839, 925
200, 334, 840, 926
201, 335, 841, 927
202, 336, 842, 928
203, 337, 843, 929
204, 338, 844, 930
205, 339, 845, 931
206, 340, 846, 932
207, 341, 847, 933
208, 342, 848, 934
209, 343, 849, 935
210, 344, 850, 936
211, 345, 851, 937
212, 346, 852, 938
213, 347, 853, 939
214, 348, 854, 940
215, 349, 855, 941
216, 350, 856, 942
217, 351, 857, 943
218, 352, 858, 944
219, 353, 859, 945
220, 354, 860, 946
221, 355, 861, 947
222, 356, 862, 948
223, 357, 863, 949
224, 358, 768, 950
225, 359, 769, 951
226, 360, 770, 952
227, 361, 771, 953
228, 362, 772, 954
229, 363, 773, 955
230, 364, 774, 956
231, 365, 775, 957
232, 366, 776, 958
233, 367, 777, 959
234, 368, 778, 864
235, 369, 779, 865
236, 370, 780, 866
237, 371, 781, 867
238, 372, 782, 868
239, 373, 783, 869
240, 374, 784, 870
241, 375, 785, 871
242, 376, 786, 872
243, 377, 787, 873
244, 378, 788, 874
245, 379, 789, 875
246, 380, 790, 876
247, 381, 791, 877
248, 382, 792, 878
249, 383, 793, 879
250, 288, 794, 880
251, 289, 795, 881
252, 290, 796, 882
253, 291, 797, 883
254, 292, 798, 884
255, 293, 799, 885
256, 294, 800, 886
257, 295, 801, 887
258, 296, 802, 888
259, 297, 803, 889
260, 298, 804, 890
261, 299, 805, 891
262, 300, 806, 892
263, 301, 807, 893
264, 302, 808, 894
265, 303, 809, 895
266, 304, 810, 896
267, 305, 811, 897
268, 306, 812, 898
269, 307, 813, 899
270, 308, 814, 900
271, 309, 815, 901
272, 310, 816, 902
273, 311, 817, 903
274, 312, 818, 904
275, 313, 819, 905
276, 314, 820, 906
277, 315, 821, 907
278, 316, 822, 908
279, 317, 823, 909
280, 318, 824, 910