-62 , -62
-89 , -89
-94 , -94
-72 , -72
-25 , -25
39 , 39
104 , 104
155 , 155
112 , 112
61 , 61
-13 , -13
-97 , -97
-174 , -174
-229 , -229
-245 , -245
-214 , -214
-73 , -195
76 , -102
224 , 37
343 , 201
409 , 361
401 , 480
316 , 526
160 , 470
-109 , 239
-362 , -62
-577 , -414
-711 , -761
-735 , -1035
-632 , -1169
-403 , -1102
-57 , -794
328 , -164
831 , 683
1436 , 1722
2151 , 2888
2990 , 4108
3966 , 5305
5083 , 6415
6327 , 7385
7596 , 8118
8913 , 8694
10163 , 9099
11221 , 9348
11945 , 9454
12189 , 9427
11830 , 9273
10790 , 8999
8992 , 8554
6596 , 8056
3736 , 7535
637 , 7055
-2430 , 6689
-5177 , 6511
-7332 , 6581
-8676 , 6935
-9009 , 7505
-8386 , 8333
-6862 , 9306
-4604 , 10282
-1847 , 11084
1135 , 11525
4065 , 11429
6695 , 10667
8771 , 9119
10273 , 6911
11149 , 4158
11438 , 1079
11234 , -2045
10661 , -4904
9855 , -7201
8946 , -8689
7986 , -9142
7159 , -8600
6519 , -7107
6117 , -4833
5980 , -2021
6117 , 1039
6519 , 4053
7159 , 6756
7924 , 9007
8857 , 10606
9761 , 11441
10589 , 11621
11210 , 11258
11478 , 10510
11254 , 9551
10428 , 8547
8884 , 7700
6756 , 7037
4053 , 6544
1039 , 6309
-2021 , 6328
-4833 , 6574
-7107 , 7009
-8600 , 7586
-9203 , 8314
-8777 , 9061
-7295 , 9687
-4975 , 10187
-2069 , 10488
1118 , 10516
4263 , 10201
7066 , 9488
9232 , 8282
10728 , 6701
11416 , 4693
11428 , 2417
10910 , -1
10053 , -2418
9061 , -4694
8120 , -6702
7433 , -8405
7011 , -9666
6805 , -10390
6855 , -10660
7098 , -10537
7457 , -10109
7852 , -9478
8216 , -8751
8446 , -7968
8637 , -7287
8697 , -6848
8716 , -6625
8720 , -6629
8716 , -6846
8697 , -7245
8637 , -7775
8569 , -8315
8394 , -8874
8039 , -9453
7600 , -9917
7146 , -10189
6776 , -10203
6596 , -9900
6701 , -9239
7085 , -8261
7819 , -6854
8899 , -5142
10103 , -3106
11210 , -819
11965 , 1613
12116 , 4060
11466 , 6381
9969 , 8498
7570 , 10211
4351 , 11354
666 , 11937
-3091 , 11957
-6473 , 11451
-9046 , 10492
-10455 , 9173
-10420 , 7658
-8981 , 5923
-6369 , 4136
-2860 , 2271
1069 , 347
4873 , -1623
8009 , -3623
10021 , -5619
10674 , -7617
9798 , -9459
7445 , -10964
4013 , -12076
0 , -12680
-4014 , -12678
-7446 , -12010
-9799 , -10664
-10798 , -8630
-10200 , -6137
-8197 , -3258
-5017 , -286
-1119 , 2538
2938 , 4984
6578 , 6855
9290 , 8013
10644 , 8444
10577 , 8023
9021 , 6903
6280 , 5112
2742 , 2790
-1124 , 107
-4842 , -2746
-7998 , -5577
-10237 , -8139
-11492 , -10338
-11856 , -12109
-11420 , -13273
-10441 , -13750
-9221 , -13495
-8057 , -12506
-7190 , -10826
-6708 , -8486
-6769 , -5700
-7212 , -2722
-7962 , 300
-8820 , 3138
-9559 , 5569
-9964 , 7392
-9866 , 8450
-9101 , 8588
-7724 , 7861
-5864 , 6407
-3578 , 4296
-1022 , 1720
1627 , -1090
4200 , -3891
6549 , -6457
8621 , -8537
10221 , -10119
11401 , -11045
12066 , -11400
12209 , -11259
11844 , -10733
11004 , -9949
9733 , -9036
8027 , -8171
6071 , -7338
3850 , -6708
1534 , -6261
-771 , -6029
-2963 , -6039
-4955 , -6311
-6676 , -6850
-8139 , -7701
-9239 , -8735
-9900 , -9787
-10203 , -10783
-10189 , -11559
-9917 , -11936
-9453 , -11744
-8874 , -10856
-8315 , -9275
-7775 , -6961
-7245 , -3980
-6846 , -638
-6629 , 2742
-6625 , 5793
-6848 , 8159
-7287 , 9539
-7968 , 9682
-8751 , 8654
-9478 , 6467
-10109 , 3454
-10537 , -1
-10660 , -3455
-10390 , -6468
-9666 , -8655
-8405 , -9806
-6702 , -9718
-4694 , -8347
-2418 , -5937
0 , -2791
2417 , 716
4693 , 4188
6701 , 7270
8282 , 9622
9488 , 11155
10201 , 11906
10516 , 11886
10488 , 11258
10187 , 10246
9687 , 9086
9061 , 7997
8437 , 7085
7764 , 6523
7197 , 6408
6717 , 6633
6376 , 7098
6230 , 7679
6334 , 8249
6726 , 8704
7475 , 9040
8424 , 9116
9576 , 9047
10703 , 8809
11606 , 8468
12078 , 8101
11931 , 7788
11033 , 7590
9274 , 7484
6782 , 7590
3791 , 7788
494 , 8101
-2791 , 8468
-5715 , 8809
-7950 , 9047
-9230 , 9116
-9335 , 9040
-8354 , 8704
-6305 , 8249
-3505 , 7679
-300 , 7098
2918 , 6633
5767 , 6408
7916 , 6523
9190 , 7085
9391 , 7997
8445 , 9086
6531 , 10246
3860 , 11258
702 , 11886
-2647 , 11906
-5903 , 11155
-8753 , 9499
-11076 , 7092
-12808 , 4001
-13809 , 573
-14050 , -2839
-13544 , -5858
-12343 , -8137
-10526 , -9408
-8261 , -9458
-5567 , -8354
-2699 , -6305
236 , -3505
3042 , -300
5505 , 2918
7415 , 5767
8583 , 7916
8813 , 9190
8162 , 9391
6569 , 8445
4246 , 6531
1420 , 3860
-1626 , 702
-4591 , -2647
-7194 , -5903
-9275 , -8753
-10623 , -11076
-11134 , -12808
-10948 , -13809
-10237 , -14050
-9235 , -13544
-8197 , -12343
-7358 , -10526
-6831 , -8261
-6779 , -5567
-7259 , -2699
-8090 , 236
-9071 , 3042
-9952 , 5505
-10476 , 7415
-10425 , 8583
-9593 , 8813
-8050 , 8162
-5766 , 6569
-2983 , 4246
48 , 1420
3046 , -1626
5742 , -4591
7916 , -7194
9367 , -9152
10124 , -10445
10313 , -10946
10000 , -10805
9370 , -10189
8625 , -9314
7958 , -8407
7515 , -7668
7445 , -7302
7683 , -7257
8098 , -7609
8640 , -8184
9166 , -8820
9528 , -9337
9591 , -9567
9254 , -9378
8404 , -8630
7112 , -7423
5491 , -5702
3547 , -3627
1369 , -1322
-949 , 1091
-3314 , 3501
-5635 , 5812
-7884 , 7883
-9896 , 9717
-11501 , 11312
-12662 , 12518
-13280 , 13231
-13264 , 13342
-12547 , 12756
-11101 , 11411
-8897 , 9244
-6153 , 6452
-2950 , 3112
388 , -438
3560 , -3861
6260 , -6797
8210 , -8911
9203 , -9941
9190 , -9683
8104 , -8253
6001 , -5716
3189 , -2453
0 , 1118
-3190 , 4529
-6002 , 7334
-8105 , 9161
-9314 , 9835
-9382 , 9161
-8398 , 7334
-6403 , 4529
-3609 , 1118
-310 , -2453
3159 , -5716
6462 , -8253
9367 , -9683
11579 , -9941
12896 , -8911
13356 , -6797
13027 , -3861
12046 , -438
10590 , 3112
8847 , 6452
7043 , 9367
5185 , 11588
3437 , 12943
1735 , 13485
48 , 13279
-1673 , 12439
-3460 , 11103
-5319 , 9407
-7146 , 7535
-8971 , 5511
-10567 , 3338
-11854 , 1141
-12680 , -1022
-12900 , -3091
-12407 , -5002
-11152 , -6686
-9224 , -8139
-6615 , -9229
-3608 , -9853
-379 , -10074
2790 , -9938
5599 , -9523
7765 , -8941
9061 , -8314
9283 , -7824
8472 , -7449
6779 , -7343
4325 , -7441
1372 , -7699
-1768 , -8043
-4778 , -8390
-7372 , -8654
-9398 , -8714
-10623 , -8654
-11134 , -8390
-10948 , -8043
-10237 , -7699
-9235 , -7441
-8197 , -7343
-7358 , -7449
-6831 , -7824
-6779 , -8314
-7259 , -8941
-8090 , -9523
-9071 , -9938
-9952 , -10074
-10476 , -9853
-10425 , -9229
-9716 , -8139
-8228 , -6686
-5953 , -5002
-3126 , -3091
-1 , -1022
3125 , 1141
5952 , 3338
8227 , 5511
9715 , 7658
10424 , 9585
10475 , 11290
9951 , 12582
9070 , 13327
8089 , 13406
7258 , 12733
6778 , 11278
6830 , 9019
7357 , 6152
8196 , 2949
9234 , -389
10236 , -3561
10947 , -6261
11133 , -8211
10622 , -9204
9274 , -9191
7193 , -8105
4590 , -6002
1625 , -3190
-1421 , -1
-4247 , 3189
-6570 , 6001
-8163 , 8104
-8814 , 9313
-8584 , 9381
-7416 , 8397
-5506 , 6402
-3043 , 3608
-237 , 309
2698 , -3160
5566 , -6463
8138 , -9368
10347 , -11580
12155 , -12897
13401 , -13357
14001 , -13028
13887 , -12047
13017 , -10591
11385 , -8848
8977 , -6921
6025 , -5008
2622 , -3250
-895 , -1594
-4209 , 0
-6989 , 1593
-8935 , 3249
-9819 , 5007
-9581 , 6920
-8121 , 8847
-5694 , 10590
-2517 , 12046
1021 , 13027
4465 , 13356
7356 , 12896
9294 , 11579
10059 , 9367
9462 , 6462
7496 , 3159
4480 , -310
818 , -3609
-2989 , -6403
-6416 , -8398
-8991 , -9382
-10420 , -9191
-10445 , -7927
-8999 , -5815
-6345 , -3048
-2839 , 48
1059 , 3110
4863 , 5792
8130 , 7794
10461 , 8965
11792 , 9081
12017 , 8235
11370 , 6452
10140 , 3908
8684 , 845
7357 , -2460
6452 , -5725
6216 , -8630
6620 , -11076
7497 , -12808
8698 , -13809
9937 , -14050
10897 , -13544
11295 , -12343
10922 , -10526
9744 , -8261
7681 , -5567
4987 , -2699
1846 , 236
-1421 , 3042
-4469 , 5505
-6968 , 7415
-8651 , 8583
-9284 , 8813
-8884 , 8162
-7578 , 6569
-5457 , 4246
-2743 , 1420
299 , -1626
3398 , -4591
6304 , -7194
8875 , -9152
10851 , -10445
12243 , -10946
12949 , -10805
12979 , -10189
12389 , -9314
11265 , -8407
9707 , -7668
7760 , -7179
5644 , -7079
3360 , -7422
1077 , -8041
-1119 , -8772
-3155 , -9416
-4980 , -9777
-6554 , -9688
-7791 , -9101
-8751 , -7901
-9503 , -6052
-9981 , -3721
-10189 , -1070
-10138 , 1706
-9851 , 4410
-9362 , 6859
-8786 , 8845
-8075 , 10343
-7407 , 11376
-6797 , 11874
-6329 , 11861
-6089 , 11387
-6148 , 10514
-6550 , 9306
-7230 , 7760
-8248 , 6045
-9389 , 4111
-10561 , 2079
-11559 , -1
-12158 , -2080
-12142 , -4112
-11344 , -6046
-9745 , -7884
-7261 , -9485
-4142 , -10702
-588 , -11531
3042 , -11910
6329 , -11796
8858 , -11168
10276 , -10034
10419 , -8376
9158 , -6382
6555 , -4061
3002 , -1614
-1022 , 818
-4953 , 3105
-8219 , 5141
-10332 , 6853
-10900 , 8260
-9921 , 9238
-7421 , 9899
-3822 , 10202
347 , 10188
4470 , 9916
7934 , 9452
10225 , 8873
11064 , 8314
10225 , 7774
7934 , 7244
4470 , 6845
347 , 6628
-3822 , 6624
-7421 , 6847
-9921 , 7286
-11023 , 7967
-10510 , 8750
-8407 , 9477
-5096 , 10108
-1070 , 10536
3081 , 10659
6765 , 10389
9468 , 9665
10890 , 8527
10754 , 6879
9208 , 4880
6423 , 2559
2790 , 48
-1203 , -2497
-5052 , -4903
-8308 , -7012
-10585 , -8630
-11793 , -9789
-12018 , -10365
-11371 , -10468
-10141 , -10189
-8685 , -9652
-7358 , -8988
-6453 , -8324
-6217 , -7824
-6621 , -7439
-7498 , -7296
-8699 , -7313
-9938 , -7447
-10898 , -7650
-11296 , -7877
-10923 , -8095
-9745 , -8222
-7682 , -8328
-4988 , -8488
-1847 , -8638
1420 , -8769
4468 , -8860
6967 , -8885
8650 , -8816
9406 , -8693
9061 , -8395
7765 , -8040
5599 , -7601
2790 , -7147
-379 , -6777
-3608 , -6597
-6615 , -6702
-9224 , -7209
-11152 , -7998
-12407 , -9087
-12900 , -10247
-12680 , -11259
-11854 , -11887
-10567 , -11907
-8971 , -11156
-7146 , -9623
-5319 , -7271
-3460 , -4189
-1673 , -717
48 , 2790
1735 , 5936
3437 , 8346
5185 , 9717
6920 , 9928
8670 , 8832
10403 , 6654
11903 , 3597
12979 , 48
13435 , -3534
13106 , -6677
11889 , -8965
9715 , -10154
6762 , -10018
3321 , -8510
-359 , -5888
-3909 , -2491
-6939 , 1252
-9098 , 4888
-10119 , 8007
-9806 , 10359
-8253 , 11659
-5716 , 11995
-2453 , 11433
1118 , 10236
4529 , 8748
7334 , 7334
9161 , 6319
9712 , 5868
8984 , 6142
7146 , 7147
4386 , 8605
1069 , 10188
-2374 , 11512
-5507 , 12205
-7943 , 11970
-9335 , 10584
-9641 , 8130
-8748 , 4863
-6846 , 1059
-4161 , -2839
-974 , -6345
2412 , -8999
5715 , -10445
8629 , -10543
11084 , -9168
12854 , -6603
13937 , -3132
14301 , 770
13937 , 4559
12854 , 7706
11084 , 9772
8629 , 10530
5715 , 9772
2412 , 7706
-974 , 4559
-4161 , 770
-6846 , -3132
-8748 , -6603
-9641 , -9168
-9458 , -10420
-8121 , -10267
-5694 , -8812
-2517 , -6202
1021 , -2791
4465 , 980
7356 , 4654
9294 , 7819
10059 , 10236
9462 , 11669
7496 , 12042
4480 , 11562
818 , 10488
-2989 , 9141
-6416 , 7846
-8991 , 6879
-10420 , 6360
-10445 , 6468
-8999 , 7048
-6345 , 8010
-2839 , 9118
1059 , 10094
4863 , 10663
8130 , 10602
10584 , 9838
11970 , 8227
12205 , 5952
11512 , 3125
10188 , 0
8605 , -3126
7147 , -5953
6142 , -8228
5745 , -9716
6142 , -10425
7147 , -10476
8605 , -9952
10188 , -9071
11512 , -8090
12205 , -7259
11970 , -6779
10584 , -6831
8130 , -7358
4863 , -8197
1059 , -9235
-2839 , -10237
-6345 , -10948
-8999 , -11134
-10445 , -10623
-10543 , -9398
-9168 , -7372
-6603 , -4778
-3132 , -1768
770 , 1372
4559 , 4325
7706 , 6779
9772 , 8472
10407 , 9283
9594 , 9061
7519 , 7765
4416 , 5599
722 , 2790
-3053 , -379
-6393 , -3608
-8858 , -6615
-10073 , -9224
-9967 , -11152
-8649 , -12407
-6251 , -12900
-3091 , -12680
444 , -11854
3954 , -10567
7082 , -8971
9622 , -7146
11343 , -5319
12141 , -3460
12157 , -1673
11558 , 48
10560 , 1735
9388 , 3437
8247 , 5185
7352 , 7043
6726 , 8847
6334 , 10590
6230 , 12046
6376 , 13027
6717 , 13356
7197 , 12896
7764 , 11579
8437 , 9490
9061 , 6640
9687 , 3346
10187 , -167
10488 , -3561
10516 , -6482
10201 , -8608
9488 , -9692
8282 , -9539
6701 , -8228
4693 , -5978
2417 , -2998
-1 , 347
-2418 , 3646
-4694 , 6491
-6702 , 8531
-8283 , 9580
-9489 , 9407
-10202 , 8136
-10517 , 5857
-10489 , 2838
-10188 , -574
-9688 , -4002
-9062 , -7093
-8438 , -9500
-7765 , -11156
-7198 , -11907
-6718 , -11887
-6377 , -11259
-6231 , -10247
-6335 , -9087
-6727 , -7998
-7353 , -7209
-8248 , -6702
-9389 , -6597
-10561 , -6777
-11559 , -7147
-12158 , -7601
-12142 , -8040
-11344 , -8395
-9623 , -8570
-7083 , -8638
-3955 , -8698
-445 , -8717
3090 , -8721
6250 , -8717
8648 , -8698
9966 , -8638
9949 , -8570
8679 , -8395
6205 , -8040
2909 , -7601
-771 , -7147
-4338 , -6777
-7310 , -6597
-9285 , -6702
-9937 , -7209
-9295 , -7998
-7357 , -9087
-4466 , -10247
-1022 , -11259
2516 , -11887
5693 , -11907
8120 , -11156
9580 , -9500
9818 , -7093
8934 , -4002
6988 , -574
4208 , 2838
894 , 5857
-2623 , 8136
-6026 , 9407
-9101 , 9457
-11564 , 8353
-13205 , 6304
-14031 , 3504
-14050 , 299
-13323 , -2919
-11946 , -5768
-10038 , -7917
-7668 , -9068
-5089 , -9214
-2349 , -8258
329 , -6389
2790 , -3813
4890 , -782
6505 , 2437
7535 , 5592
7850 , 8527
7535 , 10952
6505 , 12832
4890 , 14000
2790 , 14397
329 , 14000
-2349 , 12832
-5089 , 10952
-7791 , 8404
-10216 , 5414
-12133 , 2249
-13465 , -925
-14098 , -3861
-13952 , -6310
-12996 , -8048
-11253 , -8904
-8753 , -8720
-5725 , -7617
-2460 , -5605
845 , -2969
3908 , 0
6452 , 2968
8235 , 5604
9081 , 7616
8842 , 8719
7616 , 8903
5604 , 8047
2968 , 6309
-1 , 3860
-2969 , 924
-5605 , -2250
-7617 , -5415
-8720 , -8405
-8904 , -10953
-8048 , -12833
-6310 , -14001
-3861 , -14398
-925 , -14001
2249 , -12833
5414 , -10953
8404 , -8405
10952 , -5415
12832 , -2250
14000 , 924
14397 , 3860
14000 , 6309
12832 , 8047
10952 , 8903
8527 , 8719
5592 , 7616
2437 , 5604
-782 , 2968
-3813 , -1
-6389 , -2969
-8258 , -5605
-9214 , -7617
-9068 , -8843
-7917 , -9082
-5768 , -8236
-2919 , -6453
299 , -3909
3504 , -846
6304 , 2459
8353 , 5724
9457 , 8752
9407 , 11252
8136 , 12995
5857 , 13951
2838 , 14097
-574 , 13464
-4002 , 12132
-7093 , 10215
-9623 , 7913
-11334 , 5266
-12094 , 2535
-12029 , -187
-11307 , -2743
-10168 , -4970
-8877 , -6716
-7688 , -7846
-6861 , -8199
-6401 , -7837
-6434 , -6669
-6826 , -4842
-7447 , -2491
-8137 , 206
-8740 , 3048
-9133 , 5826
-9308 , 8404
-9142 , 10541
-8787 , 12034
-8265 , 12870
-7699 , 13027
-7219 , 12532
-6946 , 11453
-6961 , 9885
-7230 , 8006
-7836 , 5821
-8591 , 3548
-9430 , 1220
-10189 , -1070
-10689 , -3234
-10762 , -5189
-10277 , -6864
-9224 , -8139
-7490 , -9052
-5253 , -9666
-2590 , -9932
299 , -9890
3174 , -9602
5789 , -9151
7926 , -8625
9490 , -8048
10292 , -7571
10453 , -7319
10015 , -7249
9166 , -7351
8153 , -7586
7235 , -7900
6646 , -8227
6483 , -8570
6879 , -8806
7846 , -8838
9141 , -8731
10488 , -8517
11562 , -8245
12042 , -7976
11669 , -7769
10359 , -7730
7997 , -7769
4841 , -7976
1123 , -8245
-2743 , -8517
-6281 , -8731
-9022 , -8838
-10578 , -8806
-10645 , -8570
-9291 , -8227
-6579 , -7900
-2939 , -7586
1118 , -7351
5016 , -7249
8196 , -7319
10199 , -7571
10797 , -7925
9798 , -8447
7445 , -8964
4013 , -9460
0 , -9841
-4014 , -10011
-7446 , -9875
-9799 , -9362
-10675 , -8486
-10022 , -7164
-8010 , -5352
-4874 , -3185
-1070 , -771
2859 , 1756
6368 , 4247
8980 , 6559
10297 , 8498
10276 , 10033
8858 , 11167
6329 , 11795
3042 , 11909
-588 , 11530
-4142 , 10701
-7261 , 9484
-9745 , 8006
-11344 , 6223
-12142 , 4299
-12158 , 2222
-11559 , 48
-10561 , -2159
-9389 , -4322
-8248 , -6356
-7230 , -8232
-6550 , -9785
-6148 , -10865
-6089 , -11481
-6329 , -11610
-6797 , -11260
-7407 , -10468
-8075 , -9297
-8786 , -7884
-9362 , -6234
-9851 , -4347
-10138 , -2351
-10189 , -300
-9981 , 1765
-9503 , 3809
-8751 , 5796
-7791 , 7616
-6554 , 9280
-4980 , 10776
-3155 , 11932
-1119 , 12631
1077 , 12756
3360 , 12219
5644 , 10974
7883 , 8977
9885 , 6436
11453 , 3420
12532 , 235
13027 , -2839
12870 , -5521
12034 , -7556
10541 , -8752
8527 , -9059
6003 , -8350
3235 , -6805
349 , -4518
-2443 , -1721
-4921 , 1310
-6879 , 4287
-8147 , 6944
-8670 , 9007
-8324 , 10418
-7066 , 11207
-5064 , 11349
-2491 , 10958
428 , 10196
3445 , 9249
6313 , 8297
8752 , 7433
10663 , 6833
12009 , 6618
12677 , 6712
12679 , 7050
12075 , 7536
10963 , 8061
9458 , 8527
7739 , 8794
5796 , 8938
3809 , 8860
1765 , 8667
-300 , 8420
-2351 , 8180
-4347 , 7997
-6234 , 7900
-8007 , 7831
-9475 , 7890
-10655 , 7950
-11402 , 8052
-11658 , 8168
-11402 , 8273
-10655 , 8347
-9475 , 8378
-8007 , 8302
-6234 , 8200
-4347 , 8160
-2351 , 8131
-300 , 8120
1765 , 8131
3809 , 8160
5796 , 8200
7616 , 8302
9280 , 8378
10776 , 8347
11932 , 8273
12631 , 8168
12756 , 8052
12219 , 7950
10974 , 7890
8977 , 7831
6436 , 7900
3420 , 7997
235 , 8180
-2839 , 8420
-5521 , 8667
-7556 , 8860
-8752 , 8938
-8936 , 8917
-8172 , 8704
-6618 , 8249
-4376 , 7679
-1673 , 7098
1231 , 6633
4077 , 6408
6633 , 6523
8659 , 6962
10118 , 7819
11044 , 8899
11399 , 10103
11258 , 11210
10732 , 11965
9948 , 12116
9035 , 11466
8170 , 9969
7337 , 7570
6707 , 4351
6260 , 666
6028 , -3091
6038 , -6473
6310 , -9046
6849 , -10455
7577 , -10543
8557 , -9159
9598 , -6556
10639 , -3003
11510 , 1021
12014 , 4952
11953 , 8218
11165 , 10331
9622 , 11022
7260 , 10098
4141 , 7607
587 , 3964
-3043 , -300
-6330 , -4550
-8859 , -8145
-10277 , -10536
-10298 , -11290
-8981 , -10348
-6369 , -7911
-2860 , -4279
1069 , 0
4873 , 4278
8009 , 7910
10021 , 10347
10551 , 11166
9620 , 10357
7257 , 7957
3871 , 4407
-49 , 251
-3935 , -3886
-7236 , -7399
-9488 , -9789
-10450 , -10798
-9900 , -10210
-8034 , -8244
-5066 , -5145
-1418 , -1370
2402 , 2545
5878 , 6065
8553 , 8730
10153 , 10275
10428 , 10428
9307 , 9307
7017 , 7017
3860 , 3860
216 , 216
-3510 , -3510
-6941 , -6941
-9839 , -9716
-11890 , -11712
-13107 , -12919
-13436 , -13293
-12980 , -12932
-11904 , -11983
-10404 , -10614
-8671 , -8981
-6921 , -7146
-5186 , -5309
-3438 , -3413
-1736 , -1544
-49 , 299
1672 , 2129
3459 , 3949
5318 , 5745
7145 , 7535
8970 , 9173
10566 , 10492
11853 , 11451
12679 , 11957
12899 , 11937
12406 , 11354
11151 , 10211
9100 , 8621
6436 , 6559
3420 , 4247
235 , 1756
-2839 , -771
-5521 , -3185
-7556 , -5352
-8752 , -7164
-9059 , -8486
-8350 , -9362
-6805 , -9875
-4518 , -10011
-1721 , -9841
1310 , -9460
4287 , -8964
6944 , -8447
9130 , -7925
10596 , -7571
11394 , -7319
11492 , -7249
11007 , -7351
10117 , -7586
9039 , -7900
7987 , -8227
7208 , -8570
6710 , -8806
6643 , -8838
6904 , -8731
7398 , -8517
7993 , -8245
8551 , -7976
8954 , -7769
9061 , -7608
8964 , -7591
8598 , -7789
8121 , -8102
7650 , -8469
7297 , -8810
7155 , -9048
7270 , -9117
7577 , -9041
8136 , -8705
8753 , -8250
9380 , -7680
9889 , -7099
10152 , -6634
10062 , -6409
9539 , -6524
8608 , -6963
7163 , -7820
5351 , -8900
3184 , -10104
770 , -11211
-1757 , -11966
-4248 , -12117
-6560 , -11467
-8499 , -9847
-10034 , -7393
-11168 , -4165
-11796 , -524
-11910 , 3138
-11531 , 6393
-10702 , 8836
-9485 , 10144
-7884 , 10195
-6046 , 8857
-4112 , 6392
-2080 , 3052
0 , -723
2079 , -4417
4111 , -7520
6045 , -9595
7760 , -10408
9306 , -9773
10514 , -7707
11387 , -4560
11861 , -771
11874 , 3131
11376 , 6602
10343 , 9167
8722 , 10419
6681 , 10266
4223 , 8811
1563 , 6201
-1119 , 2790
-3642 , -981
-5842 , -4655
-7591 , -7820
-8876 , -10237
-9565 , -11670
-9801 , -12043
-9608 , -11563
-9119 , -10489
-8498 , -9142
-7911 , -7847
-7506 , -6880
-7323 , -6484
-7516 , -6647
-7959 , -7236
-8626 , -8154
-9371 , -9167
-10001 , -10016
-10314 , -10454
-10125 , -10293
-9245 , -9368
-7740 , -7749
-5556 , -5603
-2904 , -3033
0 , -252
2903 , 2510
5555 , 5043
7739 , 7179
9367 , 8875
10302 , 9976
10500 , 10599
10143 , 10738
9418 , 10488
8546 , 9965
7748 , 9290
7205 , 8573
6974 , 7967
7205 , 7464
7748 , 7034
8546 , 6766
9418 , 6676
10143 , 6766
10500 , 7034
10302 , 7464
9490 , 8090
7916 , 8750
5742 , 9477
3046 , 10108
48 , 10536
-2983 , 10659
-5766 , 10389
-8050 , 9665
-9593 , 8527
-10425 , 6879
-10476 , 4880
-9952 , 2559
-9071 , 48
-8090 , -2497
-7259 , -4903
-6779 , -7012
-6708 , -8630
-7180 , -9789
-8010 , -10365
-9093 , -10468
-10189 , -10189
-11027 , -9652
-11343 , -8988
-10933 , -8324
-9745 , -7701
-7672 , -7261
-4941 , -7109
-1719 , -7170
1672 , -7399
4861 , -7729
7479 , -8087
9209 , -8405
9775 , -8693
9209 , -8806
7479 , -8838
4861 , -8731
1672 , -8517
-1719 , -8245
-4941 , -7976
-7672 , -7769
-9745 , -7730
-10933 , -7769
-11343 , -7976
-11027 , -8245
-10189 , -8517
-9093 , -8731
-8010 , -8838
-7180 , -8806
-6831 , -8693
-6957 , -8405
-7446 , -8087
-8233 , -7729
-9119 , -7399
-9873 , -7170
-10266 , -7109
-10115 , -7261
-9368 , -7578
-7927 , -8146
-5790 , -8801
-3175 , -9509
-300 , -10141
2589 , -10547
5252 , -10575
7489 , -10099
9223 , -8978
10276 , -7312
10761 , -5066
10688 , -2447
10188 , 347
9429 , 3095
8590 , 5579
7835 , 7616
7229 , 9142
6960 , 9992
6945 , 10290
7218 , 10064
7698 , 9466
8264 , 8689
8786 , 7935
9141 , 7383
9307 , 7097
9132 , 7205
8739 , 7748
8136 , 8546
7446 , 9418
6825 , 10143
6433 , 10500
6400 , 10302
6860 , 9490
7687 , 7916
8876 , 5742
10167 , 3046
11306 , 48
12028 , -2983
12093 , -5766
11333 , -8050
9622 , -9716
7092 , -10603
4001 , -10664
573 , -10095
-2839 , -9119
-5858 , -8011
-8137 , -7049
-9408 , -6469
-9581 , -6484
-8532 , -7058
-6492 , -8035
-3647 , -9285
-348 , -10537
2997 , -11484
5977 , -11833
8227 , -11360
9415 , -9889
9513 , -7520
8420 , -4492
6339 , -1031
3512 , 2490
245 , 5665
-3137 , 8111
-6330 , 9529
-9143 , 9682
-11279 , 8664
-12734 , 6514
-13407 , 3583
-13328 , 251
-12583 , -3062
-11291 , -5955
-9586 , -8095
-7536 , -9314
-5334 , -9392
-3152 , -8446
-999 , -6532
1069 , -3861
3011 , -703
4791 , 2646
6375 , 5902
7667 , 8875
8750 , 11252
9502 , 12995
9980 , 13951
10188 , 14097
10137 , 13464
9850 , 12132
9361 , 10215
8785 , 7913
8074 , 5266
7406 , 2535
6796 , -187
6328 , -2743
6088 , -4970
6147 , -6716
6549 , -7846
7229 , -8199
8247 , -7837
9388 , -6669
10560 , -4842
11558 , -2491
12157 , 206
12141 , 3048
11343 , 5826
9622 , 8404
7082 , 10541
3954 , 12034
444 , 12870
-3091 , 13027
-6251 , 12532
-8649 , 11453
-9967 , 9885
-9950 , 7883
-8680 , 5644
-6206 , 3360
-2910 , 1077
770 , -1119
4337 , -3155
7309 , -4980
9284 , -6554
10059 , -7791
9471 , -8751
7543 , -9503
4608 , -9981
1069 , -10189
-2596 , -10138
-5904 , -9851
-8431 , -9362
-9929 , -8786
-10119 , -8075
-9098 , -7407
-6939 , -6797
-3909 , -6329
-359 , -6089
3321 , -6148
6762 , -6550
9715 , -7353
11889 , -8425
13106 , -9577
13435 , -10704
12979 , -11607
11903 , -12079
10403 , -11932
8670 , -11034
6798 , -9398
5007 , -6961
3249 , -3980
1593 , -638
-1 , 2742
-1594 , 5793
-3250 , 8159
-5008 , 9539
-6799 , 9805
-8671 , 8832
-10404 , 6654
-11904 , 3597
-12980 , 48
-13436 , -3534
-13107 , -6677
-11890 , -8965
-9839 , -10154
-6941 , -10018
-3510 , -8510
216 , -5888
3860 , -2491
7017 , 1252
9307 , 4888
10428 , 8007
10153 , 10359
8553 , 11659
5878 , 11995
2402 , 11433
-1418 , 10236
-5066 , 8748
-8034 , 7334
-9900 , 6319
-10327 , 5868
-9311 , 6142
-7049 , 7147
-3793 , 8605
0 , 10188
3792 , 11512
7048 , 12205
9310 , 11970
10203 , 10707
9721 , 8307
7846 , 5051
4922 , 1202
1369 , -2791
-2324 , -6424
-5669 , -9209
-8243 , -10755
-9806 , -10891
-10129 , -9469
-9145 , -6766
-7068 , -3082
-4161 , 1069
-753 , 5095
2809 , 8406
6203 , 10509
9100 , 11145
11385 , 10098
13017 , 7607
13887 , 3964
14001 , -300
13401 , -4550
12155 , -8145
10347 , -10536
8015 , -11290
5389 , -10348
2511 , -7911
-380 , -4279
-3091 , 0
-5427 , 4278
-7206 , 7910
-8274 , 10347
-8589 , 11289
-8040 , 10535
-6595 , 8144
-4439 , 4549
-1769 , 299
1168 , -3965
4100 , -7608
6766 , -10099
9007 , -11023
10596 , -10332
11394 , -8219
11492 , -4953
11007 , -1022
10117 , 3002
9039 , 6555
7987 , 9158
7208 , 10542
6710 , 10454
6643 , 9045
6904 , 6472
7398 , 3090
7993 , -667
8551 , -4352
8954 , -7571
9184 , -10093
9141 , -11644
8786 , -12304
8264 , -12108
7698 , -11259
7218 , -10025
6945 , -8690
6960 , -7510
7229 , -6615
7835 , -6223
8590 , -6247
9429 , -6683
10188 , -7399
10688 , -8216
10761 , -8949
10276 , -9443
9223 , -9655
7489 , -9443
5252 , -8949
2589 , -8216
-300 , -7399
-3175 , -6683
-5790 , -6247
-7927 , -6223
-9491 , -6738
-10293 , -7688
-10454 , -8877
-10016 , -10168
-9167 , -11307
-8154 , -12029
-7236 , -12094
-6647 , -11334
-6484 , -9623
-6880 , -7093
-7847 , -4002
-9142 , -574
-10489 , 2838
-11563 , 5857
-12043 , 8136
-11670 , 9407
-10237 , 9457
-7820 , 8353
-4655 , 6304
-981 , 3504
2790 , 299
6201 , -2919
8811 , -5768
10266 , -7917
10297 , -9191
8990 , -9392
6415 , -8446
2988 , -6532
-819 , -3861
-4481 , -703
-7497 , 2646
-9463 , 5902
-10060 , 8875
-9295 , 11252
-7357 , 12995
-4466 , 13951
-1022 , 14097
2516 , 13464
5693 , 12132
8120 , 10215
9457 , 7790
9640 , 5088
8747 , 2348
6845 , -330
4160 , -2791
973 , -4891
-2413 , -6506
-5716 , -7536
-8630 , -7851
-11085 , -7536
-12855 , -6506
-13938 , -4891
-14302 , -2791
-13938 , -330
-12855 , 2348
-11085 , 5088
-8753 , 7790
-5893 , 10215
-2600 , 12132
831 , 13464
4112 , 14097
6924 , 13951
8957 , 12995
9950 , 11252
9682 , 8875
8242 , 5902
5668 , 2646
2323 , -703
-1370 , -3861
-4923 , -6532
-7847 , -8446
-9722 , -9392
-10327 , -9314
-9488 , -8095
-7236 , -5955
-3935 , -3062
-49 , 251
3871 , 3583
7257 , 6514
9620 , 8664
10674 , 9805
10199 , 9707
8196 , 8299
5016 , 5808
1118 , 2538
-2939 , -1110
-6579 , -4702
-9291 , -7830
-10645 , -10237
-10578 , -11660
-9022 , -11996
-6281 , -11434
-2743 , -10237
1123 , -8749
4841 , -7335
7997 , -6320
10236 , -5992
11491 , -6320
11855 , -7335
11419 , -8749
10440 , -10237
9220 , -11434
8056 , -11996
7189 , -11660
6830 , -10237
6946 , -7830
7398 , -4702
8104 , -1110
8867 , 2538
9479 , 5808
9753 , 8299
9555 , 9707
8875 , 9928
7600 , 8841
5888 , 6701
3769 , 3725
1369 , 299
-1171 , -3141
-3711 , -6165
-6123 , -8405
-8355 , -9662
-10196 , -9692
-11663 , -8608
-12612 , -6482
-12980 , -3561
-12728 , -167
-11847 , 3346
-10364 , 6640
-8405 , 9367
-6004 , 11401
-3236 , 12709
-350 , 13213
2442 , 12979
4920 , 12125
6878 , 10800
8146 , 9157
8546 , 7268
8146 , 5308
6878 , 3412
4920 , 1543
2442 , -300
-350 , -2130
-3236 , -3950
-6004 , -5746
-8528 , -7536
-10542 , -9174
-12035 , -10493
-12871 , -11452
-13028 , -11958
-12533 , -11938
-11454 , -11355
-9886 , -10212
-8007 , -8622
-5822 , -6560
-3549 , -4248
-1221 , -1757
1069 , 770
3233 , 3184
5188 , 5351
6863 , 7163
8138 , 8485
9051 , 9361
9665 , 9874
9931 , 10010
9889 , 9840
9601 , 9459
9150 , 8963
8624 , 8446
8047 , 8047
7570 , 7748
7318 , 7505
7248 , 7391
7350 , 7398
7585 , 7506
7899 , 7689
8226 , 7916
8446 , 8098
8628 , 8327
8650 , 8487
8588 , 8637
8468 , 8768
8323 , 8859
8185 , 8884
8078 , 8815
8077 , 8569
8068 , 8216
8138 , 7852
8194 , 7457
8216 , 7098
8194 , 6855
8138 , 6805
8068 , 7011
7954 , 7433
7900 , 8120
7997 , 9061
8180 , 10053
8420 , 10910
8667 , 11428
8860 , 11416
8938 , 10728
8917 , 9355
8704 , 7244
8249 , 4450
7679 , 1261
7098 , -2021
6633 , -5054
6408 , -7504
6523 , -9088
6962 , -9551
7819 , -8900
8899 , -7270
10103 , -4783
11210 , -1721
11965 , 1575
12116 , 4752
11466 , 7493
9846 , 9499
7392 , 10754
4164 , 11155
523 , 10883
-3139 , 10140
-6394 , 9171
-8837 , 8219
-10145 , 7489
-10073 , 7055
-8680 , 7078
-6206 , 7421
-2910 , 8040
770 , 8771
4337 , 9415
7309 , 9776
9284 , 9687
9936 , 8977
9294 , 7723
7356 , 5863
4465 , 3577
1021 , 1021
-2517 , -1628
-5694 , -4201
-8121 , -6550
-9458 , -8622
-9641 , -10222
-8748 , -11402
-6846 , -12067
-4161 , -12210
-974 , -11845
2412 , -11005
5715 , -9734
8752 , -8151
11262 , -6250
13042 , -4038
14079 , -1678
14349 , 722
13858 , 3041
12645 , 5164
10774 , 6985
8282 , 8362
5414 , 9361
2249 , 9874
-925 , 10010
-3861 , 9840
-6310 , 9459
-8048 , 8963
-8904 , 8446
-8720 , 8047
-7617 , 7748
-5605 , 7505
-2969 , 7391
0 , 7398
2968 , 7506
5604 , 7689
7616 , 7916
8842 , 8221
9081 , 8505
8235 , 8675
6452 , 8780
3908 , 8816
845 , 8780
-2460 , 8675
-5725 , 8505
-8630 , 8221
-11076 , 7916
-12808 , 7689
-13809 , 7506
-14050 , 7398
-13544 , 7391
-12343 , 7505
-10526 , 7748
-8139 , 8047
-5390 , 8446
-2512 , 8963
379 , 9459
3090 , 9840
5426 , 10010
7205 , 9874
8273 , 9361
8465 , 8485
7861 , 7163
6407 , 5351
4296 , 3184
1720 , 770
-1090 , -1757
-3891 , -4248
-6457 , -6560
-8660 , -8622
-10297 , -10212
-11232 , -11355
-11543 , -11938
-11307 , -11958
-10654 , -11452
-9739 , -10493
-8726 , -9174
-7701 , -7536
-6860 , -5746
-6358 , -3950
-6168 , -2130
-6281 , -300
-6654 , 1543
-7220 , 3412
-7897 , 5308
-8540 , 7268
-9184 , 9157
-9663 , 10800
-9996 , 12125
-10141 , 12979
-10060 , 13213
-9713 , 12709
-9061 , 11401
-8139 , 9367
-6854 , 6640
-5142 , 3346
-3106 , -167
-819 , -3561
1613 , -6482
4060 , -8608
6381 , -9692
8375 , -9662
10033 , -8405
11167 , -6165
11795 , -3141
11909 , 299
11530 , 3725
10701 , 6701
9484 , 8841
7883 , 9805
6045 , 9529
4111 , 8111
2079 , 5665
-1 , 2490
-2080 , -1031
-4112 , -4492
-6046 , -7520
-7761 , -9889
-9307 , -11360
-10515 , -11833
-11388 , -11484
-11862 , -10537
-11875 , -9285
-11377 , -8035
-10344 , -7058
-8723 , -6607
-6682 , -6647
-4224 , -7236
-1564 , -8154
1118 , -9167
3641 , -10016
5841 , -10454
7590 , -10293
8752 , -9368
9387 , -7749
9613 , -5603
9464 , -3033
9070 , -252
8576 , 2510
8120 , 5043
7816 , 7179
7670 , 8875
7816 , 9976
8120 , 10599
8576 , 10738
9070 , 10488
9464 , 9965
9613 , 9290
9387 , 8573
8752 , 7967
7590 , 7464
5841 , 7034
3641 , 6766
1118 , 6676
-1564 , 6766
-4224 , 7034
-6682 , 7464
-8846 , 7967
-10522 , 8573
-11565 , 9290
-12017 , 9965
-11910 , 10488
-11309 , 10738
-10305 , 10599
-8997 , 9976
-7536 , 8875
-5924 , 7179
-4137 , 5043
-2272 , 2510
-348 , -252
1622 , -3033
3622 , -5603
5618 , -7749
7493 , -9368
9280 , -10293
10776 , -10454
11932 , -10016
12631 , -9167
12756 , -8154
12219 , -7236
10974 , -6647
9100 , -6484
6614 , -6880
3607 , -7847
378 , -9142
-2791 , -10489
-5600 , -11563
-7766 , -12043
-9062 , -11670
-9407 , -10360
-8651 , -7998
-6968 , -4842
-4469 , -1124
-1421 , 2742
1846 , 6280
4987 , 9021
7681 , 10577
9622 , 10767
10744 , 9468
11108 , 6765
10755 , 3081
9889 , -1070
8777 , -5096
7707 , -8407
6930 , -10510
6686 , -11023
6930 , -9921
7707 , -7421
8777 , -3822
9889 , 347
10755 , 4470
11108 , 7934
10744 , 10225
9499 , 11064
7503 , 10225
4799 , 7934
1704 , 4470
-1469 , 347
-4390 , -3822
-6758 , -7421
-8340 , -9921
-8936 , -11023
-8584 , -10510
-7416 , -8407
-5506 , -5096
-3043 , -1070
-237 , 3081
2698 , 6765
5566 , 9468
8138 , 10890
10347 , 10754
12155 , 9208
13401 , 6423
14001 , 2790
13887 , -1203
13017 , -5052
11385 , -8308
8977 , -10585
6025 , -11793
2622 , -12018
-895 , -11371
-4209 , -10141
-6989 , -8685
-8935 , -7358
-9819 , -6453
-9458 , -6094
-7943 , -6443
-5507 , -7311
-2374 , -8557
1069 , -9890
4386 , -10977
7146 , -11506
8984 , -11233
9712 , -9970
9161 , -7804
7334 , -4963
4529 , -1655
1118 , 1768
-2453 , 4925
-5716 , 7456
-8253 , 9077
-9806 , 9673
-10119 , 9087
-9098 , 7503
-6939 , 5053
-3909 , 2020
-359 , -1262
3321 , -4451
6762 , -7245
9715 , -9478
11889 , -10907
13106 , -11605
13435 , -11572
12979 , -10959
11903 , -9975
10403 , -8853
8670 , -7810
6920 , -6963
5185 , -6534
3437 , -6456
1735 , -6762
48 , -7351
-1673 , -8073
-3460 , -8762
-5319 , -9265
-7269 , -9409
-9149 , -9265
-10754 , -8762
-11997 , -8073
-12728 , -7351
-12821 , -6762
-12197 , -6456
-10842 , -6534
-8753 , -6963
-6137 , -7810
-3258 , -8853
-286 , -9975
2538 , -10959
4984 , -11572
6855 , -11605
8013 , -10907
8321 , -9356
7845 , -7067
6715 , -4264
4969 , -1119
2742 , 2068
186 , 4974
-2536 , 7294
-5267 , 8776
-7791 , 9202
-10038 , 8599
-11946 , 7106
-13323 , 4832
-14050 , 2020
-14031 , -1040
-13205 , -4054
-11564 , -6757
-9224 , -8885
-6204 , -10429
-2810 , -11255
752 , -11479
4160 , -11211
7067 , -10590
9144 , -9762
10128 , -8858
9805 , -8048
8242 , -7338
5668 , -6708
2323 , -6261
-1370 , -6029
-4923 , -6039
-7847 , -6311
-9722 , -6850
-10204 , -7578
-9311 , -8558
-7049 , -9599
-3793 , -10640
0 , -11511
3792 , -12015
7048 , -11954
9310 , -11166
10203 , -9500
9721 , -7083
7846 , -3955
4922 , -445
1369 , 3090
-2324 , 6250
-5669 , 8648
-8243 , 9966
-9683 , 10072
-9951 , 8857
-8958 , 6392
-6925 , 3052
-4113 , -723
-832 , -4417
2599 , -7520
5892 , -9595
8875 , -10408
11262 , -9773
13042 , -7707
14079 , -4560
14349 , -771
13858 , 3131
12645 , 6602
10774 , 9167
8282 , 10419
5414 , 10266
2249 , 8811
-925 , 6201
-3861 , 2790
-6310 , -981
-8048 , -4655
-8904 , -7820
-8720 , -10114
-7617 , -11492
-5605 , -11856
-2969 , -11420
0 , -10441
2968 , -9221
5604 , -8057
7616 , -7190
8719 , -6831
8903 , -6947
8047 , -7399
6309 , -8105
3860 , -8868
924 , -9480
-2250 , -9754
-5415 , -9556
-8283 , -8876
-10775 , -7601
-12646 , -5889
-13859 , -3770
-14350 , -1370
-14080 , 1170
-13043 , 3710
-11263 , 6122
-8753 , 8231
-5716 , 10017
-2413 , 11475
973 , 12468
4160 , 12931
6845 , 12806
8747 , 12056
9640 , 10673
9334 , 8752
7942 , 6304
5506 , 3398
2373 , 299
-1070 , -2743
-4387 , -5457
-7147 , -7578
-8985 , -8884
-9713 , -9284
-9162 , -8651
-7335 , -6968
-4530 , -4469
-1119 , -1421
2452 , 1846
5715 , 4987
8252 , 7681
9805 , 9744
10118 , 10922
9097 , 11295
6938 , 10897
3908 , 9937
358 , 8698
-3322 , 7497
-6763 , 6620
-9716 , 6216
-11890 , 6452
-13107 , 7357
-13436 , 8684
-12980 , 10140
-11904 , 11370
-10404 , 12017
-8671 , 11792
-6799 , 10584
-5008 , 8307
-3250 , 5051
-1594 , 1202
0 , -2791
1593 , -6424
3249 , -9209
5007 , -10755
6798 , -10891
8670 , -9469
10403 , -6766
11903 , -3082
12979 , 1069
13435 , 5095
13106 , 8406
11889 , 10509
9838 , 11022
6940 , 9920
3509 , 7420
-217 , 3821
-3861 , -348
-7018 , -4471
-9308 , -7935
-10429 , -10226
-10276 , -10942
-8731 , -10048
-6066 , -7748
-2546 , -4329
1369 , -300
5144 , 3742
8243 , 7210
10209 , 9610
10674 , 10551
9610 , 10031
7210 , 8056
3742 , 5001
-300 , 1321
-4329 , -2467
-7748 , -5857
-10048 , -8421
-10942 , -9929
-10226 , -10129
-7935 , -9145
-4471 , -7068
-348 , -4161
3821 , -753
7420 , 2809
9920 , 6203
11022 , 9100
10509 , 11385
8406 , 13017
5095 , 13887
1069 , 14001
-3082 , 13401
-6766 , 12155
-9469 , 10347
-10768 , 8138
-10578 , 5566
-9022 , 2698
-6281 , -237
-2743 , -3043
1123 , -5506
4841 , -7416
7997 , -8584
10359 , -8814
11669 , -8163
12042 , -6570
11562 , -4247
10488 , -1421
9141 , 1625
7846 , 4590
6879 , 7193
6360 , 9274
6468 , 10622
7048 , 11133
8010 , 10947
9118 , 10236
10094 , 9234
10663 , 8196
10602 , 7357
9838 , 6953
8227 , 6956
5952 , 7445
3125 , 8232
0 , 9118
-3126 , 9872
-5953 , 10265
-8228 , 10114
-9839 , 9367
-10603 , 7926
-10664 , 5789
-10095 , 3174
-9119 , 299
-8011 , -2590
-7049 , -5253
-6469 , -7490
-6484 , -9101
-7058 , -10099
-8035 , -10575
-9285 , -10547
-10537 , -10141
-11484 , -9509
-11833 , -8801
-11360 , -8146
-9889 , -7578
-7520 , -7261
-4492 , -7109
-1031 , -7170
2490 , -7399
5665 , -7729
8111 , -8087
9529 , -8405
9682 , -8570
8664 , -8629
6514 , -8651
3583 , -8589
251 , -8469
-3062 , -8324
-5955 , -8186
-8095 , -8079
-9314 , -8078
-9392 , -8069
-8446 , -8139
-6532 , -8195
-3861 , -8217
-703 , -8195
2646 , -8139
5902 , -8069
8752 , -7955
11075 , -7901
12807 , -7998
13808 , -8181
14049 , -8421
13543 , -8668
12342 , -8861
10525 , -8939
8260 , -8918
5566 , -8705
2698 , -8250
-237 , -7680
-3043 , -7099
-5506 , -6634
-7416 , -6409
-8584 , -6524
-8814 , -7086
-8163 , -7998
-6570 , -9087
-4247 , -10247
-1421 , -11259
1625 , -11887
4590 , -11907
7193 , -11156
9274 , -9500
10622 , -7093
11133 , -4002
10947 , -574
10236 , 2838
9234 , 5857
8196 , 8136
7357 , 9407
6953 , 9457
6956 , 8353
7445 , 6304
8232 , 3504
9118 , 299
9872 , -2919
10265 , -5768
10114 , -7917
9244 , -9191
7748 , -9392
5602 , -8446
3032 , -6532
251 , -3861
-2511 , -703
-5044 , 2646
-7180 , 5902
-8753 , 8752
-9799 , 11075
-10412 , 12807
-10596 , 13808
-10441 , 14049
-10045 , 13543
-9501 , 12342
-8884 , 10525
-8192 , 8260
-7587 , 5566
-7010 , 2698
-6575 , -237
-6329 , -3043
-6310 , -5506
-6545 , -7416
-7038 , -8584
-7824 , -8814
-8726 , -8163
-9739 , -6570
-10654 , -4247
-11307 , -1421
-11543 , 1625
-11232 , 4590
-10297 , 7193
-8783 , 9274
-6634 , 10622
-4078 , 11133
-1232 , 10947
1672 , 10236
4375 , 9234
6617 , 8196
8171 , 7357
8813 , 6830
8573 , 6778
7368 , 7258
5377 , 8089
2790 , 9070
-157 , 9951
-3211 , 10475
-6127 , 10424
-8753 , 9592
-10852 , 8049
-12244 , 5765
-12950 , 2982
-12980 , -49
-12390 , -3047
-11266 , -5743
-9708 , -7917
-7761 , -9491
-5645 , -10303
-3361 , -10501
-1078 , -10144
1118 , -9419
3154 , -8547
4979 , -7749
6553 , -7206
7790 , -7098
8750 , -7384
9502 , -7936
9980 , -8690
10188 , -9467
10137 , -10065
9850 , -10291
9361 , -9993
8785 , -9143
8074 , -7617
7406 , -5580
6796 , -3096
6328 , -348
6088 , 2446
6147 , 5065
6549 , 7311
7352 , 9100
8424 , 10276
9576 , 10761
10703 , 10688
11606 , 10188
12078 , 9429
11931 , 8590
11033 , 7835
9397 , 7352
6960 , 7138
3979 , 7133
637 , 7361
-2743 , 7746
-5794 , 8185
-8160 , 8576
-9540 , 8831
-9806 , 8959
-8833 , 8831
-6655 , 8576
-3598 , 8185
-49 , 7746
3533 , 7361
6676 , 7133
8964 , 7138
10030 , 7352
9839 , 7835
8321 , 8590
5744 , 9429
2442 , 10188
-1174 , 10688
-4679 , 10761
-7698 , 10276
-10012 , 9223
-11360 , 7489
-11833 , 5252
-11484 , 2589
-10537 , -300
-9285 , -3175
-8035 , -5790
-7058 , -7927
-6484 , -9368
-6469 , -10115
-7049 , -10266
-8011 , -9873
-9119 , -9119
-10095 , -8233
-10664 , -7446
-10603 , -6957
-9839 , -6831
-8228 , -7180
-5953 , -8010
-3126 , -9093
-1 , -10189
3125 , -11027
5952 , -11343
8227 , -10933
9715 , -9745
10424 , -7672
10475 , -4941
9951 , -1719
9070 , 1672
8089 , 4861
7258 , 7479
6778 , 9209
6830 , 9898
7357 , 9387
8196 , 7666
9234 , 5004
10236 , 1720
10947 , -1798
11133 , -5150
10622 , -7982
9274 , -10093
7193 , -11233
4590 , -11506
1625 , -10977
-1421 , -9890
-4247 , -8557
-6570 , -7311
-8163 , -6443
-8814 , -6217
-8584 , -6631
-7416 , -7545
-5506 , -8828
-3043 , -10189
-237 , -11292
2698 , -11808
5566 , -11483
8138 , -10114
10347 , -7830
12155 , -4702
13401 , -1110
14001 , 2538
13887 , 5808
13017 , 8299
11385 , 9707
9100 , 9928
6203 , 8841
2809 , 6701
-753 , 3725
-4161 , 299
-7068 , -3141
-9145 , -6165
-10129 , -8405
-9806 , -9539
-8243 , -9514
-5669 , -8421
-2324 , -6340
1369 , -3513
4922 , -246
7846 , 3136
9721 , 6329
10203 , 9142
9310 , 11278
7048 , 12733
3792 , 13406
-1 , 13327
-3793 , 12582
-7049 , 11290
-9311 , 9585
-10204 , 7535
-9722 , 5333
-7847 , 3151
-4923 , 998
-1370 , -1070
2323 , -3012
5668 , -4792
8242 , -6376
9805 , -7791
10128 , -8929
9144 , -9690
7067 , -10124
4160 , -10237
752 , -10059
-2810 , -9641
-6204 , -9052
-9224 , -8438
-11564 , -7775
-13205 , -7245
-14031 , -6846
-14050 , -6629
-13323 , -6625
-11946 , -6848
-10038 , -7287
-7668 , -7845
-5089 , -8574
-2349 , -9291
329 , -9966
2790 , -10489
4890 , -10739
6505 , -10600
7535 , -9977
7973 , -8753
7713 , -7002
6693 , -4856
5033 , -2368
2838 , 299
250 , 2953
-2559 , 5392
-5399 , 7438
-8139 , 9019
-10516 , 9992
-12296 , 10290
-13416 , 10064
-13798 , 9466
-13416 , 8689
-12296 , 7935
-10516 , 7383
-8261 , 7097
-5577 , 7205
-2746 , 7748
107 , 8546
2790 , 9418
5112 , 10143
6903 , 10500
8023 , 10302
8321 , 9367
7836 , 7739
6668 , 5555
4841 , 2903
2490 , -1
-207 , -2904
-3049 , -5556
-5827 , -7740
-8405 , -9368
-10542 , -10303
-12035 , -10501
-12871 , -10144
-13028 , -9419
-12533 , -8547
-11454 , -7749
-9886 , -7206
-7884 , -6975
-5645 , -7206
-3361 , -7749
-1078 , -8547
1118 , -9419
3154 , -10144
4979 , -10501
6553 , -10303
7913 , -9491
8928 , -7917
9689 , -5743
10123 , -3047
10236 , -49
10058 , 2982
9640 , 5765
9051 , 8049
8314 , 9592
7596 , 10424
7056 , 10475
6703 , 9951
6580 , 9070
6703 , 8089
7056 , 7258
7596 , 6778
8314 , 6707
9051 , 7179
9640 , 8009
10058 , 9092
10236 , 10188
10123 , 11026
9689 , 11342
8928 , 10932
7913 , 9622
6553 , 7493
4979 , 4752
3154 , 1575
1118 , -1721
-1078 , -4783
-3361 , -7270
-5645 , -8900
-7884 , -9551
-9886 , -9088
-11454 , -7504
-12533 , -5054
-13028 , -2021
-12871 , 1261
-12035 , 4450
-10542 , 7244
-8405 , 9477
-5827 , 10906
-3049 , 11604
-207 , 11571
2490 , 10958
4841 , 9974
6668 , 8852
7836 , 7809
8321 , 7085
8023 , 6710
6903 , 6643
5112 , 6904
2790 , 7398
107 , 7993
-2746 , 8551
-5577 , 8954
-8261 , 9061
-10516 , 8964
-12296 , 8598
-13416 , 8121
-13798 , 7650
-13416 , 7297
-12296 , 7155
-10516 , 7270
-8139 , 7700
-5399 , 8313
-2559 , 8940
250 , 9522
2838 , 9937
5033 , 10073
6693 , 9852
7713 , 9228
7973 , 8260
7535 , 6863
6505 , 5188
4890 , 3233
2790 , 1069
329 , -1221
-2349 , -3549
-5089 , -5822
-7791 , -7884
-10216 , -9708
-12133 , -11266
-13465 , -12390
-14098 , -12980
-13952 , -12950
-12996 , -12244
-11253 , -10852
-8876 , -8753
-5903 , -6127
-2647 , -3211
702 , -157
3860 , 2790
6531 , 5377
8445 , 7368
9391 , 8573
9313 , 8813
8094 , 8171
5954 , 6617
3061 , 4375
-252 , 1672
-3584 , -1232
-6515 , -4078
-8665 , -6634
-9683 , -8783
-9530 , -10297
-8112 , -11232
-5666 , -11543
-2491 , -11307
1030 , -10654
4491 , -9739
7519 , -8726
9888 , -7824
11359 , -7038
11832 , -6545
11483 , -6310
10536 , -6329
9284 , -6575
8034 , -7010
7057 , -7587
6483 , -8192
6468 , -8884
7048 , -9501
8010 , -10045
9118 , -10441
10094 , -10596
10663 , -10412
10602 , -9799
9715 , -8630
8049 , -7002
5765 , -4856
2982 , -2368
-49 , 299
-3047 , 2953
-5743 , 5392
-7917 , 7438
-9491 , 8896
-10303 , 9814
-10501 , 10103
-10144 , 9921
-9419 , 9418
-8547 , 8768
-7749 , 8145
-7206 , 7693
-7098 , 7568
-7384 , 7683
-7936 , 8098
-8690 , 8640
-9467 , 9166
-10065 , 9528
-10291 , 9591
-9993 , 9254
-9143 , 8527
-7617 , 7290
-5580 , 5678
-3096 , 3690
-348 , 1417
2446 , -1028
5065 , -3524
7311 , -5945
8977 , -8232
10098 , -10196
10574 , -11663
10546 , -12612
10140 , -12980
9508 , -12728
8800 , -11847
8145 , -10364
7700 , -8283
7438 , -5827
7295 , -3049
7312 , -207
7446 , 2490
7649 , 4841
7876 , 6668
8094 , 7836
8221 , 8321
8327 , 8023
8487 , 6903
8637 , 5112
8768 , 2790
8859 , 107
8884 , -2746
8815 , -5577
8569 , -8139
8216 , -10338
7852 , -12109
7457 , -13273
7098 , -13750
6855 , -13495
6805 , -12506
7011 , -10826
7556 , -8486
8297 , -5700
9249 , -2722
10196 , 300
10958 , 3138
11349 , 5569
11207 , 7392
10418 , 8450
9007 , 8588
6944 , 7861
4287 , 6407
1310 , 4296
-1721 , 1720
-4518 , -1090
-6805 , -3891
-8350 , -6457
-8936 , -8537
-8574 , -10119
-7369 , -11045
-5378 , -11400
-2791 , -11259
156 , -10733
3210 , -9949
6126 , -9036
8752 , -8171
10851 , -7338
12243 , -6708
12949 , -6261
12979 , -6029
12389 , -6039
11265 , -6311
9707 , -6850
7883 , -7578
5821 , -8558
3548 , -9599
1220 , -10640
-1070 , -11511
-3234 , -12015
-5189 , -11954
-6864 , -11166
-8261 , -9623
-9229 , -7261
-9853 , -4142
-10074 , -588
-9938 , 3042
-9523 , 6329
-8941 , 8858
-8314 , 10276
-7824 , 10297
-7449 , 8980
-7343 , 6368
-7441 , 2859
-7699 , -1070
-8043 , -4874
-8390 , -8010
-8654 , -10022
-8714 , -10675
-8654 , -9799
-8390 , -7446
-8043 , -4014
-7699 , -1
-7441 , 4013
-7343 , 7445
-7449 , 9798
-7701 , 10674
-8137 , 10021
-8754 , 8009
-9381 , 4873
-9890 , 1069
-10153 , -2860
-10063 , -6369
-9540 , -8981
-8486 , -10298
-6986 , -10277
-5165 , -8859
-3042 , -6330
-723 , -3043
1677 , 587
4037 , 4141
6249 , 7260
8150 , 9622
9733 , 11165
11004 , 11953
11844 , 12014
12209 , 11510
12066 , 10639
11401 , 9598
10221 , 8557
8621 , 7577
6549 , 6849
4200 , 6310
1627 , 6038
-1022 , 6028
-3578 , 6260
-5864 , 6707
-7724 , 7337
-9101 , 8170
-9866 , 9035
-9964 , 9948
-9559 , 10732
-8820 , 11258
-7962 , 11399
-7212 , 11044
-6769 , 10118
-6708 , 8536
-7190 , 6456
-8057 , 3890
-9221 , 1089
-10441 , -1721
-11420 , -4297
-11856 , -6408
-11492 , -7862
-10114 , -8589
-7820 , -8451
-4655 , -7393
-981 , -5570
2790 , -3139
6201 , -301
8811 , 2721
10266 , 5699
10297 , 8362
8990 , 10647
6415 , 12318
2988 , 13351
-819 , 13701
-4481 , 13351
-7497 , 12318
-9463 , 10647
-10183 , 8485
-9472 , 5876
-7544 , 2908
-4609 , -158
-1070 , -3091
2595 , -5649
5903 , -7603
8430 , -8762
9928 , -9059
10118 , -8340
9097 , -6758
6938 , -4390
3908 , -1469
358 , 1704
-3322 , 4799
-6763 , 7503
-9716 , 9622
-11890 , 10922
-13107 , 11295
-13436 , 10897
-12980 , 9937
-11904 , 8698
-10404 , 7497
-8671 , 6620
-6799 , 6339
-5008 , 6630
-3250 , 7544
-1594 , 8827
0 , 10188
1593 , 11291
3249 , 11807
5007 , 11482
6920 , 10113
8847 , 7829
10590 , 4701
12046 , 1109
13027 , -2539
13356 , -5809
12896 , -8300
11579 , -9708
9490 , -9929
6640 , -8842
3346 , -6702
-167 , -3726
-3561 , -300
-6482 , 3140
-8608 , 6164
-9692 , 8404
-9662 , 9538
-8405 , 9513
-6165 , 8420
-3141 , 6339
299 , 3512
3725 , 245
6701 , -3137
8841 , -6330
9928 , -9020
9707 , -11101
8299 , -12547
5808 , -13264
2538 , -13280
-1110 , -12662
-4702 , -11501
-7830 , -9896
-10114 , -8007
-11483 , -5813
-11808 , -3502
-11292 , -1092
-10189 , 1321
-8828 , 3626
-7545 , 5701
-6631 , 7422
-6340 , 8752
-6621 , 9555
-7498 , 9753
-8699 , 9479
-9938 , 8867
-10898 , 8104
-11296 , 7398
-10923 , 6946
-9745 , 6953
-7682 , 7367
-4988 , 8244
-1847 , 9363
1420 , 10488
4468 , 11340
6967 , 11645
8650 , 11181
9283 , 9766
8883 , 7519
7577 , 4491
5456 , 1030
2742 , -2491
-300 , -5666
-3399 , -8112
-6305 , -9530
-8876 , -9806
-10852 , -8842
-12244 , -6702
-12950 , -3726
-12980 , -300
-12390 , 3140
-11266 , 6164
-9708 , 8404
-7884 , 9538
-5822 , 9513
-3549 , 8420
-1221 , 6339
1069 , 3512
3233 , 245
5188 , -3137
6863 , -6330
8138 , -9143
9051 , -11279
9665 , -12734
9931 , -13407
9889 , -13328
9601 , -12583
9150 , -11291
8624 , -9586
8047 , -7659
7570 , -5512
7318 , -3339
7248 , -1142
7350 , 1021
7585 , 3090
7899 , 5001
8226 , 6685
8569 , 8015
8805 , 9051
8837 , 9665
8730 , 9931
8516 , 9889
8244 , 9601
7975 , 9150
7768 , 8624
7729 , 8170
7768 , 7748
7975 , 7505
8244 , 7391
8516 , 7398
8730 , 7506
8837 , 7689
8805 , 7916
8692 , 8221
8404 , 8505
8086 , 8675
7728 , 8780
7398 , 8816
7169 , 8780
7108 , 8675
7260 , 8505
7577 , 8344
8145 , 8094
8800 , 7876
9508 , 7649
10140 , 7446
10546 , 7312
10574 , 7295
10098 , 7438
9038 , 7761
7400 , 8234
5159 , 8894
2517 , 9579
-324 , 10164
-3136 , 10506
-5685 , 10469
-7772 , 9943
-9256 , 8865
-10054 , 7250
-10279 , 5077
-9969 , 2542
-9293 , -174
-8462 , -2868
-7691 , -5336
-7170 , -7404
-7026 , -8948
-7282 , -9891
-7973 , -10328
-8891 , -10266
-9828 , -9828
-10546 , -9171
-10817 , -8462
-10463 , -7854
-9383 , -7461
-7556 , -7323
-5167 , -7523
-2336 , -7930
686 , -8433
3614 , -8897
6167 , -9189
8105 , -9199
9264 , -8857
9592 , -8123
9039 , -7116
7800 , -5843
6080 , -4409
4123 , -2939
2175 , -1560
450 , -384
-889 , 511
-1735 , 1103
-2155 , 1311
-2130 , 1247
-1757 , 986
-1163 , 617
-488 , 226
142 , -117
629 , -363
897 , -471
1015 , -527
937 , -481
708 , -362
393 , -202
61 , -38
-225 , 101
-420 , 194
-524 , 213
-455 , 244
-308 , 228
-126 , 173
46 , 96
174 , 12
239 , -62
235 , -113
155 , -156
104 , -105
39 , -40
-25 , 24
-72 , 71
-94 , 93
-89 , 88
-62 , 61
